1331841715560: *** Opened log file for writing ***
1331841715561: *** Application started ***
1331841715561: HI I'm in ONRESUME()
1331841715565: SAMPLING_DISTANCE : 1, SAMPLING_DURATION : 1000
1331841846778: Please SET to a VAILD REGION first before taking picture
1331841851637: moving from region (-1,-1), to (1,0)
1331841855229: Picture successfully taken, ORIG BYTE LENGTH = 1204610
1331841856111: Our new height x width: 240 x 320
1331841856111: Show photo from handle my camera take
1331841856112: Show photo done 
1331841856112: client making photo packet to send to leader
1331841856133: BYTE SIZE AFTER COMPRESSION: 2557
1331841856134: Server request to url: http://128.30.87.130:6212/101/1/0/
1331841856250: gson string: {"debugstr":"today is pi day","photo_bytes":[-1,-40,-1,-32,0,16,74,70,73,70,0,1,1,0,0,1,0,1,0,0,-1,-37,0,67,0,80,55,60,70,60,50,80,70,65,70,90,85,80,95,120,-56,-126,120,110,110,120,-11,-81,-71,-111,-56,-1,-1,-1,-1,-1,-1,-1,-1,-1,-1,-1,-1,-1,-1,-1,-1,-1,-1,-1,-1,-1,-1,-1,-1,-1,-1,-1,-1,-1,-1,-1,-1,-1,-1,-1,-1,-1,-1,-1,-37,0,67,1,85,90,90,120,105,120,-21,-126,-126,-21,-1,-1,-1,-1,-1,-1,-1,-1,-1,-1,-1,-1,-1,-1,-1,-1,-1,-1,-1,-1,-1,-1,-1,-1,-1,-1,-1,-1,-1,-1,-1,-1,-1,-1,-1,-1,-1,-1,-1,-1,-1,-1,-1,-1,-1,-1,-1,-1,-1,-1,-1,-1,-1,-1,-1,-64,0,17,8,0,-16,1,64,3,1,34,0,2,17,1,3,17,1,-1,-60,0,31,0,0,1,5,1,1,1,1,1,1,0,0,0,0,0,0,0,0,1,2,3,4,5,6,7,8,9,10,11,-1,-60,0,-75,16,0,2,1,3,3,2,4,3,5,5,4,4,0,0,1,125,1,2,3,0,4,17,5,18,33,49,65,6,19,81,97,7,34,113,20,50,-127,-111,-95,8,35,66,-79,-63,21,82,-47,-16,36,51,98,114,-126,9,10,22,23,24,25,26,37,38,39,40,41,42,52,53,54,55,56,57,58,67,68,69,70,71,72,73,74,83,84,85,86,87,88,89,90,99,100,101,102,103,104,105,106,115,116,117,118,119,120,121,122,-125,-124,-123,-122,-121,-120,-119,-118,-110,-109,-108,-107,-106,-105,-104,-103,-102,-94,-93,-92,-91,-90,-89,-88,-87,-86,-78,-77,-76,-75,-74,-73,-72,-71,-70,-62,-61,-60,-59,-58,-57,-56,-55,-54,-46,-45,-44,-43,-42,-41,-40,-39,-38,-31,-30,-29,-28,-27,-26,-25,-24,-23,-22,-15,-14,-13,-12,-11,-10,-9,-8,-7,-6,-1,-60,0,31,1,0,3,1,1,1,1,1,1,1,1,1,0,0,0,0,0,0,1,2,3,4,5,6,7,8,9,10,11,-1,-60,0,-75,17,0,2,1,2,4,4,3,4,7,5,4,4,0,1,2,119,0,1,2,3,17,4,5,33,49,6,18,65,81,7,97,113,19,34,50,-127,8,20,66,-111,-95,-79,-63,9,35,51,82,-16,21,98,114,-47,10,22,36,52,-31,37,-15,23,24,25,26,38,39,40,41,42,53,54,55,56,57,58,67,68,69,70,71,72,73,74,83,84,85,86,87,88,89,90,99,100,101,102,103,104,105,106,115,116,117,118,119,120,121,122,-126,-125,-124,-123,-122,-121,-120,-119,-118,-110,-109,-108,-107,-106,-105,-104,-103,-102,-94,-93,-92,-91,-90,-89,-88,-87,-86,-78,-77,-76,-75,-74,-73,-72,-71,-70,-62,-61,-60,-59,-58,-57,-56,-55,-54,-46,-45,-44,-43,-42,-41,-40,-39,-38,-30,-29,-28,-27,-26,-25,-24,-23,-22,-14,-13,-12,-11,-10,-9,-8,-7,-6,-1,-38,0,12,3,1,0,2,17,3,17,0,63,0,7,2,-94,-110,78,-62,-102,-14,22,-32,83,13,0,20,82,81,64,5,56,41,106,114,70,90,-89,84,0,80,4,107,23,-83,72,16,10,120,20,82,1,-95,5,27,70,105,-44,80,49,10,-118,77,-126,-97,69,2,34,-14,-23,-91,42,122,76,80,5,114,-72,-90,21,53,101,-105,52,-46,-108,-64,-81,-118,42,70,74,102,-46,40,1,51,73,74,69,37,0,46,-30,41,-23,33,21,29,20,1,108,54,69,33,106,-82,28,-118,112,124,-48,4,-92,-45,73,-90,-26,-106,-128,22,-110,-106,-110,-128,16,-46,26,113,-92,-96,6,98,-116,82,-47,64,13,-59,24,-89,82,80,2,81,75,-118,40,1,40,-91,-94,-128,18,-118,90,49,64,12,-93,-83,20,-96,100,-15,64,8,58,-44,-87,30,122,-45,-110,46,-26,-90,3,2,-112,0,24,20,-72,-91,20,80,49,40,-94,-128,40,0,-91,-94,-118,4,20,81,69,3,10,40,-94,-128,10,49,69,20,0,-46,-96,-45,25,42,90,40,17,89,-93,53,25,24,-85,-124,102,-94,120,-13,76,10,-44,83,-103,72,52,-38,0,41,65,-59,37,20,0,-16,-44,-16,106,17,82,41,-96,7,-46,-45,65,-91,-96,2,-112,-46,-46,80,3,104,-89,98,-109,20,0,-108,82,-30,-116,80,2,81,75,-118,49,64,9,73,-118,118,40,-38,104,1,40,-89,109,52,-69,13,0,64,6,77,88,-114,60,12,-102,35,-113,28,-44,-96,82,1,71,2,-106,-110,-108,80,1,70,105,41,104,1,41,69,37,45,3,18,-106,-118,40,0,-93,20,81,64,-126,-118,41,104,1,41,104,-94,-128,18,-118,90,13,0,37,53,-70,83,-23,-115,-46,-128,34,97,-102,-119,-105,21,49,-92,35,52,-64,-81,69,57,-58,13,54,-128,10,80,105,40,20,1,32,52,-22,98,-102,120,-96,5,-94,-128,41,113,64,9,75,-118,112,90,112,90,0,96,90,81,29,72,22,-100,5,0,69,-27,-46,-120,-86,108,82,-30,-128,34,17,10,119,-106,41,-12,80,3,118,10,54,-118,125,37,0,66,5,45,20,82,0,-96,82,-46,80,2,-47,73,69,3,22,-110,-118,40,1,104,-96,10,8,-96,2,-118,5,20,8,40,-94,-118,6,40,-94,-110,-106,-127,5,20,-108,-76,0,83,90,-99,72,69,0,68,69,37,72,69,51,20,-64,-115,-105,53,17,24,-85,4,113,80,-80,-26,-128,27,64,-91,-94,-128,21,122,-44,-86,-75,10,117,-85,74,56,-96,4,11,78,11,78,2,-100,5,0,52,45,59,20,-76,80,1,69,45,20,0,10,40,-91,-96,4,-91,-92,-91,-96,2,-118,40,-96,8,69,20,10,13,32,3,69,20,-108,0,82,-118,74,92,-48,49,105,5,45,37,0,45,20,82,80,2,-48,41,41,69,0,45,37,20,80,1,69,20,80,2,-118,41,5,41,-96,65,75,73,75,64,13,52,-46,41,-12,-108,0,-35,-75,12,-128,10,-79,-118,-118,101,-30,-104,21,-24,-93,-67,24,-96,0,113,86,99,108,-118,-83,-38,-91,-124,-13,64,22,69,45,32,-91,-96,5,-94,-118,40,1,104,-94,-118,0,41,105,40,-96,5,-94,-110,-106,-128,10,41,41,104,2,-66,-31,75,-111,81,81,-102,69,-40,-105,52,84,97,-115,56,61,2,-80,-22,41,1,-51,20,8,80,105,105,5,20,0,-76,82,82,-48,0,41,105,5,20,0,-94,-118,74,40,1,104,-51,20,10,0,90,40,-94,-128,10,40,-91,-96,2,-110,-106,-110,-128,10,107,12,-118,117,35,116,-96,69,70,92,49,-92,52,-78,31,-104,-45,41,-128,84,-111,28,53,48,82,-87,-61,80,5,-59,-89,10,98,116,-89,-118,0,81,69,20,80,1,69,20,80,2,-48,40,-94,-128,10,40,-94,-128,10,40,-94,-128,42,82,102,-118,67,-42,-92,-48,51,70,104,-59,20,0,6,34,-98,30,-93,-93,20,10,-60,-69,-23,60,-54,102,41,49,76,44,73,-26,81,-26,84,116,98,-112,88,-108,72,41,-63,-59,65,73,76,44,89,4,26,90,-84,24,-118,122,-55,-21,64,-84,79,69,53,78,105,104,16,-76,81,69,0,45,25,-92,-91,20,0,82,-46,81,64,1,-92,52,-76,80,5,73,87,13,76,35,-118,-102,99,-109,81,19,76,66,80,58,-46,26,81,64,22,-29,60,84,-126,-95,-120,-15,83,10,0,90,41,40,-96,5,-94,-118,74,0,90,40,-51,20,0,82,-46,81,64,11,-102,76,-47,72,77,0,86,-90,-9,-89,-45,123,-44,-102,5,20,-76,-108,0,-108,82,-47,64,5,20,81,64,6,40,-59,20,80,1,-118,105,20,-6,74,0,101,37,56,-118,109,0,57,28,-87,-85,10,-39,21,86,-98,-113,-125,76,77,22,104,-90,-85,3,74,77,4,-117,74,41,-71,-93,52,0,-76,-76,-38,81,64,11,65,-23,69,6,-128,42,74,126,106,-114,-91,-108,124,-43,25,-90,32,20,81,-98,41,7,90,0,-77,15,74,-102,-93,-116,113,82,10,0,92,-47,73,74,40,0,-94,-118,40,0,-94,-118,40,0,-94,-125,73,-102,0,9,-90,-109,65,52,-36,-48,4,102,-110,-125,64,-87,52,22,-118,51,69,0,45,24,-92,20,-76,-64,49,73,-118,90,41,0,-108,81,69,0,20,-108,-72,-93,20,0,-61,77,34,-98,105,40,1,-108,-108,-4,82,17,76,66,-93,-112,106,112,-64,-118,-85,79,86,34,-127,50,-56,52,-75,20,109,-102,-110,-127,11,69,20,-108,0,-15,72,79,20,3,72,-35,40,2,-76,-115,-51,71,-102,115,-3,-29,77,-90,32,-91,94,-76,10,7,90,0,-75,31,74,-110,-93,78,-108,-15,72,5,-94,-118,41,-128,-76,82,81,64,5,45,37,37,0,41,52,-62,105,73,-90,-102,0,9,-90,-109,65,52,-62,104,0,52,-108,80,42,77,5,-94,-127,70,104,1,104,-92,-91,-96,5,-92,-93,52,-108,0,-76,82,82,-48,1,69,20,80,3,77,38,105,77,52,-48,1,-102,41,40,-90,1,69,37,20,8,114,28,26,-100,54,106,-75,56,49,20,18,89,-91,21,18,-55,82,3,64,11,-34,-125,-46,-116,-45,92,-4,-76,1,93,-7,106,97,-91,99,-55,-92,6,-104,-125,52,-87,-9,-87,-90,-100,-97,122,-128,45,-89,74,126,106,52,-23,79,20,-128,13,20,17,64,-90,2,-47,-102,74,40,0,52,-103,-93,52,-46,104,0,38,-102,105,73,-90,-26,-128,16,-45,77,41,-92,-96,0,-48,41,77,32,-87,53,22,-116,81,69,0,56,10,13,38,105,104,16,-36,81,78,-93,20,0,-108,82,-30,-109,20,0,-108,81,-118,49,64,13,38,-109,52,-30,41,-72,-96,4,-92,-91,-59,37,48,18,-118,40,-96,65,75,73,75,64,-128,84,-47,-102,-122,-92,-117,-83,2,39,-90,-65,74,118,105,-84,120,-96,10,-92,114,105,41,-19,-116,-45,41,-120,94,-44,-87,-9,-87,51,75,31,-34,-96,11,75,-46,-99,72,-67,41,105,0,-71,-92,-94,-118,0,40,-92,52,-108,-64,9,-90,-109,74,77,52,-102,0,41,-90,-105,52,-122,-128,18,-110,-106,-110,-128,28,105,41,77,2,-92,-44,40,-91,-59,24,-96,4,-91,-92,-94,-128,28,40,-92,-93,52,8,117,37,20,-122,-104,5,37,20,82,0,-94,-110,-118,0,8,-90,-111,78,-94,-104,17,-111,73,-118,121,-90,-48,33,40,-94,-118,4,45,42,-100,26,109,45,0,88,87,6,-111,-49,-53,80,-126,69,56,-100,-83,2,35,52,-126,-116,81,-34,-104,-126,-97,31,90,101,73,23,90,0,-80,58,82,-26,