46435
29952
36941
3980
16293
53315
12834
20554
3128
6563
21603
8186
79114
52688
60932
21045
69561
2601
2096
238
2190
1333
1640
2544
303
2204
258
278
895
593
2771
4135
417
9363
9147
19379
43838
9541
49755
9191
9470
12790
24308
13647
24262
40725
28994
28601
15557
2530
13465
27888
51736
4035
7429
9176
7202
8694
6523
9484
67548
7725
9418
48360
4178
13629
51007
19851
58953
36847
13460
37113
40590
17432
51501
29897
59426
15422
10802
27013
13958
10509
28888
32787
89931
3152
2869
5137
2764
765
2756
2783
2657
52949
11890
3905
1237
1373
2518
31746
61644
16519
55320
30395
14298
35910
55733
20014
41270
52184
35814
62088
2467
20561
35982
29096
67348
5022
39433
9019
31493
55224
17597
36529
50880
4624
6431
17741
18628
12683
4009
15094
19357
43611
33184
1109
4337
29766
3051
40268
55109
18450
3442
3366
23522
47845
14434
44249
26237
11991
50382
58915
31564
8030
54143
31649
31748
46275
21717
1406
2321
9236
12347
8769
23182
41688
2824
336
274
