383
440
710
413
1392
4376
446
3369
436
315
826
307
803
350
969
683
136
391
483
726
365
1033
1324
1736
2004
1865
2774
959
2682
1823
2581
2103
1897
1602
2733
1277
1866
2093
1561
2328
2278
2062
2063
3542
2971
2815
1797
2116
1658
1037
1671
651
2408
775
1495
1593
1604
2698
1877
832
1538
702
562
1720
1507
730
1687
1833
554
1327
691
683
613
377
428
384
393
3375
459
607
429
445
513
627
885
632
503
447
545
810
789
629
4466
468
443
610
1118
534
664
457
421
869
693
427
773
463
736
764
459
1232
782
719
429
133
458
438
383
145
135
449
367
3568
412
426
471
427
341
365
412
468
139
471
490
395
879
412
127
430
486
670
504
497
439
445
454
461
425
421
430
404
131
358
469
455
434
380
445
437
200
452
435
679
433
447
434
482
411
415
389
474
650
447
449
459
490
416
424
471
424
663
439
493
494
481
455
461
379
474
473
669
468
653
462
456
493
432
404
475
480
421
626
425
468
456
352
516
449
435
427
505
498
550
412
459
472
414
415
1045
410
450
185
871
388
438
620
887
420
3632
821
410
443
466
432
394
633
585
592
445
844
479
458
474
1772
583
446
520
484
428
