1331841889844: *** Opened log file for writing ***
1331841889845: *** Application started ***
1331841889845: HI I'm in ONRESUME()
1331841889848: SAMPLING_DISTANCE : 1, SAMPLING_DURATION : 1000
1331841894553: Please SET to a VAILD REGION first before taking picture
1331841901820: moving from region (-1,-1), to (1,0)
1331841904476: Picture successfully taken, ORIG BYTE LENGTH = 1170180
1331841905277: Our new height x width: 240 x 320
1331841905277: Show photo from handle my camera take
1331841905277: Show photo done 
1331841905278: client making photo packet to send to leader
1331841905290: BYTE SIZE AFTER COMPRESSION: 4096
1331841905291: Server request to url: http://128.30.87.130:6212/101/1/0/
1331841905440: gson string: {"debugstr":"today is pi day","photo_bytes":[-1,-40,-1,-32,0,16,74,70,73,70,0,1,1,0,0,1,0,1,0,0,-1,-37,0,67,0,80,55,60,70,60,50,80,70,65,70,90,85,80,95,120,-56,-126,120,110,110,120,-11,-81,-71,-111,-56,-1,-1,-1,-1,-1,-1,-1,-1,-1,-1,-1,-1,-1,-1,-1,-1,-1,-1,-1,-1,-1,-1,-1,-1,-1,-1,-1,-1,-1,-1,-1,-1,-1,-1,-1,-1,-1,-1,-1,-37,0,67,1,85,90,90,120,105,120,-21,-126,-126,-21,-1,-1,-1,-1,-1,-1,-1,-1,-1,-1,-1,-1,-1,-1,-1,-1,-1,-1,-1,-1,-1,-1,-1,-1,-1,-1,-1,-1,-1,-1,-1,-1,-1,-1,-1,-1,-1,-1,-1,-1,-1,-1,-1,-1,-1,-1,-1,-1,-1,-1,-1,-1,-1,-1,-1,-64,0,17,8,0,-16,1,64,3,1,34,0,2,17,1,3,17,1,-1,-60,0,31,0,0,1,5,1,1,1,1,1,1,0,0,0,0,0,0,0,0,1,2,3,4,5,6,7,8,9,10,11,-1,-60,0,-75,16,0,2,1,3,3,2,4,3,5,5,4,4,0,0,1,125,1,2,3,0,4,17,5,18,33,49,65,6,19,81,97,7,34,113,20,50,-127,-111,-95,8,35,66,-79,-63,21,82,-47,-16,36,51,98,114,-126,9,10,22,23,24,25,26,37,38,39,40,41,42,52,53,54,55,56,57,58,67,68,69,70,71,72,73,74,83,84,85,86,87,88,89,90,99,100,101,102,103,104,105,106,115,116,117,118,119,120,121,122,-125,-124,-123,-122,-121,-120,-119,-118,-110,-109,-108,-107,-106,-105,-104,-103,-102,-94,-93,-92,-91,-90,-89,-88,-87,-86,-78,-77,-76,-75,-74,-73,-72,-71,-70,-62,-61,-60,-59,-58,-57,-56,-55,-54,-46,-45,-44,-43,-42,-41,-40,-39,-38,-31,-30,-29,-28,-27,-26,-25,-24,-23,-22,-15,-14,-13,-12,-11,-10,-9,-8,-7,-6,-1,-60,0,31,1,0,3,1,1,1,1,1,1,1,1,1,0,0,0,0,0,0,1,2,3,4,5,6,7,8,9,10,11,-1,-60,0,-75,17,0,2,1,2,4,4,3,4,7,5,4,4,0,1,2,119,0,1,2,3,17,4,5,33,49,6,18,65,81,7,97,113,19,34,50,-127,8,20,66,-111,-95,-79,-63,9,35,51,82,-16,21,98,114,-47,10,22,36,52,-31,37,-15,23,24,25,26,38,39,40,41,42,53,54,55,56,57,58,67,68,69,70,71,72,73,74,83,84,85,86,87,88,89,90,99,100,101,102,103,104,105,106,115,116,117,118,119,120,121,122,-126,-125,-124,-123,-122,-121,-120,-119,-118,-110,-109,-108,-107,-106,-105,-104,-103,-102,-94,-93,-92,-91,-90,-89,-88,-87,-86,-78,-77,-76,-75,-74,-73,-72,-71,-70,-62,-61,-60,-59,-58,-57,-56,-55,-54,-46,-45,-44,-43,-42,-41,-40,-39,-38,-30,-29,-28,-27,-26,-25,-24,-23,-22,-14,-13,-12,-11,-10,-9,-8,-7,-6,-1,-38,0,12,3,1,0,2,17,3,17,0,63,0,-71,73,75,73,76,-112,-96,-47,69,0,37,20,81,64,-124,-92,61,-23,105,13,48,40,63,-34,63,90,104,-89,-56,62,99,-11,-90,82,101,34,-52,31,118,-106,118,-58,41,32,-5,-76,-77,-82,-20,96,-46,40,-123,-43,-119,-56,28,81,-112,-86,3,46,104,114,-54,113,-102,8,102,80,122,-48,32,12,54,-110,-93,6,-124,118,45,-125,66,-81,-54,115,-59,8,-104,57,4,26,0,97,7,61,42,86,-115,-114,8,-12,-90,9,27,53,100,-97,-109,-16,-96,100,81,33,13,-56,-85,3,-91,87,-124,-100,-98,106,-64,-23,72,2,-106,-110,-118,0,90,40,-94,-128,10,40,-94,-128,10,40,-94,-128,42,92,28,-55,80,-44,-110,-100,-56,106,58,98,1,75,-118,0,-30,-125,-42,-128,28,20,55,32,-3,105,8,-61,17,-42,-112,112,41,71,20,-60,40,21,50,14,42,53,21,40,-32,83,68,-79,28,-45,25,-119,-17,67,26,111,122,108,16,-13,25,9,-72,26,-128,-100,-98,106,87,118,-39,-125,-46,-95,-88,-44,-92,107,-46,82,-47,64,9,69,20,83,16,-108,82,-46,80,1,77,-17,78,-90,-9,-90,34,-76,-61,-9,100,-5,-43,122,-77,55,-6,-77,-11,-86,-76,-103,72,-75,111,-9,104,-72,-19,73,111,-9,77,58,114,6,50,51,72,100,77,-80,-29,57,7,20,-115,-64,27,77,14,14,114,23,-118,14,-48,-96,48,52,0,-35,-60,-58,114,123,-47,31,-34,-89,101,85,14,-34,126,-76,43,3,-97,-105,7,20,0,4,-25,-122,6,-91,50,0,54,-102,-82,62,-16,-89,56,59,-113,20,1,44,65,70,112,106,113,80,67,-34,-89,-92,48,-94,-118,40,0,-91,-92,-91,-96,2,-118,40,-96,2,-112,-12,-94,-102,-25,8,104,2,-101,117,52,-38,-108,46,69,33,74,46,22,0,112,-122,-93,-89,109,52,-104,52,-60,30,-44,-15,-46,-103,78,4,83,19,36,65,-51,57,-49,20,39,74,14,14,115,84,73,17,52,-28,70,110,69,38,56,-51,57,36,-40,15,25,20,-128,-118,66,115,-126,49,76,35,20,-26,59,-104,-102,109,73,104,-41,-94,-118,40,16,82,82,-47,64,9,73,75,69,49,9,77,-17,78,52,-98,-108,-60,87,-104,124,-115,-11,-86,-107,110,111,-70,-11,82,-109,41,22,109,-6,26,116,-22,72,24,-90,91,-12,52,-21,-114,-126,-112,-56,-104,-80,108,3,-118,24,51,42,-100,102,-122,41,-58,65,-50,58,-46,57,-64,93,-89,-118,0,2,18,-121,-73,61,-23,85,89,114,-57,-46,-102,88,-104,-7,61,-23,99,25,-36,51,-38,-128,21,92,22,25,81,65,118,-36,121,-95,99,59,-121,32,-46,50,-112,-35,13,0,79,17,-56,-26,-91,-88,97,-5,-65,-115,77,72,97,69,38,105,115,64,5,45,38,104,-96,5,-94,-110,-118,0,41,-109,28,37,62,-94,-100,-16,5,0,70,-67,41,105,-69,-123,25,-92,49,113,70,-47,70,104,-51,0,52,-96,-92,41,79,-94,-117,-123,-120,-16,-61,-95,-92,44,-43,45,52,-118,119,21,-122,110,52,23,-12,-29,52,-19,-94,-112,-83,59,-118,-61,1,-96,12,-45,-74,-45,-126,-46,-72,-20,105,81,69,20,-55,10,74,90,74,0,40,-94,-110,-104,-128,-46,82,-46,26,98,32,-101,-93,-43,58,-71,55,-15,-113,106,-89,73,-108,-117,22,-3,13,62,115,-128,56,-51,71,111,-34,-97,56,-56,28,-30,-112,-56,-103,73,57,0,99,-46,-125,-128,-96,50,-46,63,7,-83,46,11,42,-100,-116,-29,-67,0,27,-108,39,-54,51,-109,-34,-112,48,42,-40,92,26,93,-104,76,49,-63,-51,10,10,43,28,-125,64,13,79,-66,49,70,-10,-49,90,114,-80,45,-54,-116,-44,116,1,110,34,74,-126,106,74,-118,31,-72,42,83,-46,-112,-60,-94,-118,40,0,-94,-118,40,0,-94,-118,40,1,106,-75,-63,-7,-79,86,106,-100,-57,50,26,0,101,61,65,61,13,50,-105,57,-59,49,11,-72,-26,-115,-2,-44,-38,93,-89,0,-47,96,-72,-69,-23,119,-45,-56,2,17,-57,52,-44,80,77,36,-82,23,16,53,46,106,67,18,-29,-34,-94,104,-56,-89,-54,10,66,-26,-106,-93,-61,14,105,55,26,86,29,-55,104,-90,43,102,-97,72,102,-123,20,-108,-75,68,5,37,45,33,-90,33,41,105,41,104,1,41,15,74,90,67,-46,-127,16,76,62,102,-6,85,58,-67,48,-21,-12,-86,20,50,-111,98,-33,-87,-89,-36,125,-47,76,-73,-22,105,-13,-110,0,-63,-92,50,34,-60,96,96,30,41,-82,65,-63,-58,56,-89,54,-46,65,36,-125,-118,25,-118,-128,1,4,98,-128,4,-5,-125,61,51,72,-96,16,-36,-32,82,-105,59,70,56,-6,81,-106,100,60,103,-102,0,21,121,-50,-32,120,-88,-23,-53,-44,-15,-114,41,-76,1,110,47,-72,62,-107,33,-90,71,-9,71,-46,-100,105,12,40,-94,-118,0,40,-94,-118,0,40,-94,-108,80,0,122,85,22,57,98,106,-44,-57,9,85,13,2,18,-99,72,41,88,99,-83,48,0,-71,-29,-67,41,4,1,-102,104,-89,100,-109,-55,-90,33,-39,56,3,53,36,117,31,83,83,39,2,-102,68,-79,88,-32,-113,106,99,-55,-72,-12,-92,99,-51,51,60,-26,-101,4,41,37,23,5,106,26,-102,105,55,40,24,-59,67,81,123,-115,32,29,69,76,42,21,-21,83,10,76,-76,95,-94,-118,59,85,16,20,81,65,-96,4,-91,-92,-94,-127,5,33,-23,75,72,122,26,0,-118,83,-55,30,-43,67,-67,95,-108,-100,-2,21,67,-67,12,-92,79,109,-44,-44,-109,-29,104,-56,-51,71,111,-9,-113,-46,-92,-100,101,71,32,82,25,19,41,56,-38,1,24,-92,96,-96,0,-64,-125,-118,71,24,35,62,-99,105,72,36,3,-72,103,29,13,0,41,-40,16,119,-92,-56,9,-14,-110,57,-91,41,-123,92,-112,13,24,-40,-100,-128,114,104,1,3,-79,12,9,-49,20,-63,-42,-98,10,-19,108,2,13,49,122,-118,0,-70,-67,41,77,11,-46,-125,72,97,69,20,80,1,69,20,80,1,75,73,75,64,17,77,-46,-86,-112,69,89,-104,-13,76,-59,0,68,-99,121,-89,72,114,-44,-91,69,52,-91,23,21,-124,31,-107,61,83,61,13,51,4,80,9,20,-64,-107,71,53,33,-31,106,36,113,-98,105,-5,-121,28,-15,86,67,67,9,-95,17,-101,-91,7,4,-102,17,-39,73,-38,41,0,-55,73,-35,-126,49,-118,101,43,18,-52,77,54,-92,-92,61,7,53,37,53,6,5,58,-91,-106,-117,-12,80,104,-85,51,18,-106,-118,40,1,40,-91,-94,-128,18,-112,-12,52,-76,-121,-67,2,33,-100,-12,-6,85,30,-11,122,127,-31,-86,39,-83,12,-92,77,111,-9,-113,-46,-91,-100,101,71,25,-88,-83,-2,-15,-6,84,-105,28,40,-87,25,17,102,24,25,-19,-48,-48,-32,-112,14,59,118,-95,-101,-90,87,60,117,-95,-114,8,-38,72,-30,-104,9,-76,-108,83,-126,69,40,3,103,39,28,-46,51,18,20,-25,-75,47,-52,-24,15,92,26,64,40,66,85,-80,65,-6,83,85,72,113,-111,-34,-108,2,-88,114,59,-46,-60,-57,112,-25,-67,3,45,10,40,29,41,104,1,40,-94,-118,0,40,-94,-118,0,41,105,41,104,2,-68,-97,127,20,-42,108,82,-71,-52,-122,-94,99,-109,72,5,-33,74,28,83,7,38,-126,61,-87,-40,46,74,13,24,21,16,36,83,-125,-46,-80,-57,109,6,-112,-89,-95,-91,6,-105,52,92,44,71,-122,20,18,-35,42,74,49,78,-30,-79,13,42,-82,106,77,-94,-100,0,-94,-31,97,0,-91,-94,-118,67,47,81,73,-102,76,-43,-103,14,-92,-51,39,62,-108,96,-6,-48,2,-26,-118,40,-96,4,-94,-125,73,76,8,-90,-24,-75,68,-11,-85,-46,-3,-43,-86,77,-9,-113,-42,-109,41,18,-37,-3,-13,-12,-87,103,36,40,-59,69,111,-9,-1,0,10,-106,-29,27,6,70,106,74,33,98,-92,-116,-28,28,118,-95,-101,24,3,4,1,-36,80,-63,73,-32,-29,-114,-122,-122,32,16,8,-49,29,65,-96,64,88,-32,0,6,49,-46,-111,-114,85,120,-64,-10,-91,98,-68,12,118,-21,65,109,-86,-69,73,-59,3,0,71,-106,67,100,-116,-45,-94,11,-68,97,-65,58,111,-34,-113,-100,3,-102,124,74,67,3,64,22,7,74,90,65,-46,-106,-128,10,40,-94,-128,10,40,-94,-128,18,-125,75,77,115,-123,52,1,85,-113,39,-34,-93,-89,30,-76,-38,0,81,75,-110,69,3,-118,74,98,10,49,64,-91,-22,125,40,1,57,29,41,67,-6,-48,71,106,66,56,-94,-63,114,64,-44,-71,-88,113,-23,74,24,-114,-76,-84,59,-110,-46,-45,21,-127,-89,10,67,22,-118,40,-92,5,-52,10,90,13,21,-95,-112,81,69,33,-96,2,-106,-110,-116,-48,1,73,72,-57,-118,92,-45,2,41,126,-24,-6,-43,38,-5,-57,-21,87,38,117,11,-126,71,90,-90,-57,36,-30,-109,41,22,-41,-96,-6,83,-98,63,49,64,-50,13,34,15,-112,26,90,-110,-120,36,-127,-63,-32,102,-104,-22,67,96,-15,-59,92,12,71,122,9,86,-5,-53,64,20,-113,81,-12,-95,-70,47,-46,-83,52,40,-36,-125,-125,81,-67,-69,12,99,-112,40,2,45,-92,-58,49,-21,79,-128,97,-65,10,107,-85,42,-82,70,41,-16,18,73,4,-48,5,-118,90,74,40,1,104,-94,-118,0,40,-94,-118,0,42,57,79,-56,105,-11,28,-57,-128,41,1,3,46,70,69,48,113,83,-45,88,3,-42,-117,-114,-61,56,11,-57,122,109,41,82,58,115,73,-11,-86,38,-62,-116,81,-114,-12,117,-32,82,116,-90,33,71,94,41,9,-55,-91,-49,29,40,-58,40,1,9,-51,43,0,49,-125,-98,40,10,79,106,105,-92,49,42,84,57,21,29,72,-125,2,-109,26,31,69,20,84,-116,-71,64,-23,73,70,64,28,-100,86,-122,98,-47,81,53,-60,107,-33,39,-38,-95,123,-74,63,116,1,64,88,-73,81,-76,-47,-89,86,-49,-46,-87,52,-114,-3,88,-102,4,108,70,113,-127,69,-57,98,119,-70,-56,-62,-81,-25,80,52,-78,55,-15,31,-62,-92,88,87,28,-73,52,-101,64,60,82,-72,-20,69,-76,-9,-91,11,-118,-111,-121,6,-101,-38,-112,-55,-31,98,70,-38,-112,-126,58,-43,120,-40,-87,-56,-87,-92,-112,-78,-127,-21,72,98,-46,-45,21,-115,46,-31,69,-64,117,40,36,82,81,76,67,-78,15,81,77,-38,-93,-107,-94,-108,80,1,69,20,82,0,-94,-118,40,0,-94,-118,41,-128,84,50,-14,-32,84,-43,11,115,33,-92,2,19,-118,-123,-104,-109,78,-111,-69,84,116,32,97,-109,-38,-105,112,63,120,80,40,56,61,-87,-120,93,-67,-63,-92,-49,60,-46,2,71,74,112,33,-70,-48,59,9,-34,-118,82,-66,-108,-128,-32,-45,16,110,56,-58,105,40,60,-102,74,0,85,25,53,48,24,-90,-94,-32,83,-22,89,72,40,-91,-92,-92,2,61,-45,-98,-104,21,17,102,115,-55,36,-44,-2,66,-81,82,73,-87,84,42,-116,0,5,93,-55,-79,85,97,115,-37,31,90,127,-108,-85,-9,-78,106,115,-56,-92,32,99,-111,72,100,106,-93,63,40,-30,-92,-37,-127,74,0,29,41,15,-91,0,68,-61,12,0,-17,74,-55,-73,28,-116,84,-118,-128,-74,-22,108,-125,39,7,-75,0,70,125,41,54,-28,98,-116,109,62,-44,-11,-92,50,37,-32,-32,-44,-57,-107,21,27,-114,-12,-12,57,67,-7,-48,3,-88,52,82,102,-112,-60,114,66,112,121,-90,44,-20,58,-13,79,124,109,-9,53,2,-113,-102,-103,37,-75,112,71,-91,56,84,75,-46,-105,56,-94,-29,-79,45,20,-64,-58,-108,48,-96,67,-88,-94,-118,0,40,-94,-118,0,42,-65,114,106,115,-48,-44,35,-91,12,104,-127,-114,78,105,41,-50,-123,79,-75,32,20,-55,10,40,-96,31,94,105,-128,-108,98,-106,-108,10,0,104,98,58,-45,-63,13,78,-64,-57,53,27,46,-45,-59,22,4,-59,-39,-24,105,-54,-104,-90,7,-11,-87,1,-30,-92,-95,-44,82,82,-118,64,45,37,6,-112,-73,97,64,19,-122,-49,20,-104,-25,-34,-103,64,109,-89,-102,98,36,28,10,14,13,0,-118,78,-121,57,-90,2,-12,20,-125,-109,74,88,83,78,49,-57,90,0,118,-4,12,84,125,105,112,104,-59,32,16,-82,-31,77,83,-37,-46,-91,21,28,-125,7,112,-4,104,24,-115,68,71,13,-118,76,-26,-109,-93,3,64,18,10,8,-23,74,122,-47,72,4,-39,-69,32,-114,123,84,25,-38,-28,85,-111,85,-27,93,-82,125,13,80,-121,-122,-49,74,118,106,-70,-100,30,-75,40,-55,-24,-44,-84,59,-110,81,77,-61,122,-125,70,88,117,20,-122,63,36,116,-89,7,61,-22,32,-61,62,-97,90,118,104,17,40,96,105,106,26,92,-111,78,-31,97,-18,126,83,81,-114,-108,-92,-25,-83,20,-128,66,51,81,-76,125,-41,-14,-87,105,40,2,-65,78,13,21,59,40,97,-56,-88,-103,10,-5,-118,-92,-59,97,41,-64,82,46,13,41,60,85,18,4,-46,22,38,-112,-48,-89,28,-48,-64,66,6,61,-23,1,42,104,99,-109,-102,74,67,68,-22,114,41,122,83,20,-19,90,57,106,-110,-123,45,-98,5,1,105,64,-59,45,0,58,-102,-44,-22,107,80,33,-55,-56,-95,-121,25,-51,9,-64,-89,17,-111,-118,0,69,-23,75,76,28,26,-110,-128,10,40,-94,-128,10,8,-56,-63,-94,-106,-128,32,43,-125,-113,74,79,99,82,72,58,26,110,-36,-48,3,-70,-128,125,-87,104,3,11,-8,-46,82,40,81,-42,-110,64,56,36,103,20,-31,-126,40,97,-111,-113,90,-94,74,-14,108,63,114,-111,3,118,-90,-80,-63,32,-11,-91,70,-59,0,-119,-78,-61,-74,104,12,62,-108,-127,-77,78,-32,-44,-116,56,52,-101,113,-9,127,42,54,-114,-39,20,109,63,-34,-96,4,-35,-114,-68,83,-77,-102,77,-89,-42,-109,97,29,26,-128,29,75,81,-4,-61,-17,19,74,6,127,-120,-48,3,-13,69,51,103,-71,-93,105,29,26,-127,-113,-92,52,-35,-60,125,-31,-8,-45,-77,-102,4,49,-109,-72,-32,-45,9,35,-125,83,82,16,8,-26,-102,98,-79,22,121,-11,-95,-40,19,-64,-59,12,-124,116,-23,76,-86,-72,-84,20,-96,19,-51,0,19,-46,-92,84,56,-21,72,96,-86,49,-102,120,-92,11,-118,90,67,10,40,-96,-100,82,0,39,61,40,2,-108,117,-96,-118,98,28,58,-46,-45,65,-59,58,-128,27,34,110,25,-18,41,80,-27,105,104,3,20,0,119,-91,-90,-102,80,114,40,1,104,-94,-118,0,70,-58,57,-90,-48,-57,39,30,-108,30,112,105,12,95,-31,-4,105,40,61,7,-42,-118,6,40,56,-91,44,41,-76,81,113,88,-114,68,-36,-39,20,-43,-116,-9,-30,-90,-92,36,10,119,11,17,-108,96,61,105,1,63,90,83,39,60,82,-115,-83,-37,-102,0,4,-98,-58,-105,120,-96,-89,-95,-4,-23,-72,3,-122,4,80,4,-128,-26,-106,-93,-14,-57,98,69,39,-52,-67,73,-6,-46,2,83,77,-40,59,113,77,-53,118,32,-46,-18,-57,80,104,0,-7,-121,108,-47,-68,119,-56,-91,12,15,122,90,0,76,-125,77,42,87,-107,-23,-23,74,84,118,-32,-46,110,32,-31,-88,1,67,2,40,44,5,49,-71,63,47,90,20,100,-13,-42,-104,11,-110,122,10,80,-125,-87,-89,81,64,9,-128,58,82,-47,69,32,10,40,-94,-128,10,99,28,-46,-79,-88,-40,-45,25,96,-118,41,73,-30,-112,-48,72,-108,-22,110,105,65,-96,7,10,90,109,45,0,33,-92,83,-44,82,-102,103,-15,102,-127,-113,-36,41,-91,-115,4,119,29,42,7,98,79,-75,0,77,-102,80,120,53,88,49,29,-22,88,-28,25,-25,-118,44,23,37,61,126,-108,83,65,-91,-51,33,-117,72,78,41,-115,38,58,84,100,-109,78,-62,-72,-10,-109,-46,-104,73,61,105,40,-89,97,92,41,85,-120,52,-108,-72,-49,-42,-127,19,41,-56,-89,84,8,-40,-87,-123,73,67,71,-54,-40,-20,122,83,-88,97,-111,72,14,69,0,33,65,-37,-118,66,-59,122,-13,79,-88,-92,60,-45,64,46,-27,61,-88,-57,-95,-88,-63,-57,81,-102,-112,108,61,24,-87,-12,52,88,87,23,45,-24,40,-38,91,-81,74,67,-71,122,-14,61,69,6,74,6,31,115,-36,80,72,110,-121,-102,6,15,83,72,-63,122,-125,64,14,86,-49,94,-76,-71,-88,-119,24,-23,-125,74,15,-90,104,-80,18,102,-116,-45,6,-22,14,-22,44,3,-13,72,-51,76,-19,-42,-102,104,-80,10,77,52,-47,70,41,-120,-1,-39],"status":0}
1331841905442: about to execute HTTP POST
1331841988034: finished executing HTTP POST, get data
1331841988046: make input stream reader for data
1331841988049: Make new Gson
1331841988054: Returning cloud object
1331841988073: sendClientNewpic latency = 82782
1331841988074: RETURN STATUS: 12
1331842124550: HI I'm in ONPAUSE()
