1332453924789: *** Opened log file for writing ***
1332453924790: *** Application started ***
1332453924790: HI I'm in ONRESUME()
1332453924795: SAMPLING_DISTANCE : 1, SAMPLING_DURATION : 1000
1332453938070: Please SET to a VAILD REGION first before taking picture
1332453946281: moving from region (-1,-1), to (1,0)
1332453950491: Picture successfully taken, ORIG BYTE LENGTH = 2343319
1332453951513: Our new height x width: 306 x 408
1332453951513: Show photo from handle my camera take
1332453951514: Show photo done 
1332453951514: client making photo packet to send to leader
1332453951528: BYTE SIZE AFTER COMPRESSION: 4294
1332453951528: Server request to url: http://hermes5.csail.mit.edu:8213/101/1/0/
1332453951609: gson string: {"debugstr":"today is pi day","photo_bytes":[-1,-40,-1,-32,0,16,74,70,73,70,0,1,1,0,0,1,0,1,0,0,-1,-37,0,67,0,80,55,60,70,60,50,80,70,65,70,90,85,80,95,120,-56,-126,120,110,110,120,-11,-81,-71,-111,-56,-1,-1,-1,-1,-1,-1,-1,-1,-1,-1,-1,-1,-1,-1,-1,-1,-1,-1,-1,-1,-1,-1,-1,-1,-1,-1,-1,-1,-1,-1,-1,-1,-1,-1,-1,-1,-1,-1,-1,-37,0,67,1,85,90,90,120,105,120,-21,-126,-126,-21,-1,-1,-1,-1,-1,-1,-1,-1,-1,-1,-1,-1,-1,-1,-1,-1,-1,-1,-1,-1,-1,-1,-1,-1,-1,-1,-1,-1,-1,-1,-1,-1,-1,-1,-1,-1,-1,-1,-1,-1,-1,-1,-1,-1,-1,-1,-1,-1,-1,-1,-1,-1,-1,-1,-1,-64,0,17,8,1,50,1,-104,3,1,34,0,2,17,1,3,17,1,-1,-60,0,31,0,0,1,5,1,1,1,1,1,1,0,0,0,0,0,0,0,0,1,2,3,4,5,6,7,8,9,10,11,-1,-60,0,-75,16,0,2,1,3,3,2,4,3,5,5,4,4,0,0,1,125,1,2,3,0,4,17,5,18,33,49,65,6,19,81,97,7,34,113,20,50,-127,-111,-95,8,35,66,-79,-63,21,82,-47,-16,36,51,98,114,-126,9,10,22,23,24,25,26,37,38,39,40,41,42,52,53,54,55,56,57,58,67,68,69,70,71,72,73,74,83,84,85,86,87,88,89,90,99,100,101,102,103,104,105,106,115,116,117,118,119,120,121,122,-125,-124,-123,-122,-121,-120,-119,-118,-110,-109,-108,-107,-106,-105,-104,-103,-102,-94,-93,-92,-91,-90,-89,-88,-87,-86,-78,-77,-76,-75,-74,-73,-72,-71,-70,-62,-61,-60,-59,-58,-57,-56,-55,-54,-46,-45,-44,-43,-42,-41,-40,-39,-38,-31,-30,-29,-28,-27,-26,-25,-24,-23,-22,-15,-14,-13,-12,-11,-10,-9,-8,-7,-6,-1,-60,0,31,1,0,3,1,1,1,1,1,1,1,1,1,0,0,0,0,0,0,1,2,3,4,5,6,7,8,9,10,11,-1,-60,0,-75,17,0,2,1,2,4,4,3,4,7,5,4,4,0,1,2,119,0,1,2,3,17,4,5,33,49,6,18,65,81,7,97,113,19,34,50,-127,8,20,66,-111,-95,-79,-63,9,35,51,82,-16,21,98,114,-47,10,22,36,52,-31,37,-15,23,24,25,26,38,39,40,41,42,53,54,55,56,57,58,67,68,69,70,71,72,73,74,83,84,85,86,87,88,89,90,99,100,101,102,103,104,105,106,115,116,117,118,119,120,121,122,-126,-125,-124,-123,-122,-121,-120,-119,-118,-110,-109,-108,-107,-106,-105,-104,-103,-102,-94,-93,-92,-91,-90,-89,-88,-87,-86,-78,-77,-76,-75,-74,-73,-72,-71,-70,-62,-61,-60,-59,-58,-57,-56,-55,-54,-46,-45,-44,-43,-42,-41,-40,-39,-38,-30,-29,-28,-27,-26,-25,-24,-23,-22,-14,-13,-12,-11,-10,-9,-8,-7,-6,-1,-38,0,12,3,1,0,2,17,3,17,0,63,0,-89,79,-113,-17,82,-58,-127,-105,-102,114,-90,-45,64,18,39,-34,-90,-36,116,2,-97,31,122,-118,115,-13,10,0,-124,-11,-94,-118,49,-46,-128,28,-82,69,14,-37,-120,-90,81,64,5,40,-92,-91,20,0,81,73,75,64,10,-67,-51,54,-99,-4,52,-38,0,90,85,25,97,73,78,78,-26,-128,17,-114,88,-46,81,69,0,46,14,51,66,-110,15,20,-18,-119,-11,-92,-116,101,-59,0,89,39,-118,88,-57,25,-90,-75,61,70,5,0,58,-118,40,-96,2,-106,-110,-106,-128,10,40,-94,-128,22,-118,40,-96,2,-118,40,-96,5,-94,-118,40,0,-94,-118,40,1,104,-92,-91,-96,2,-118,40,-96,2,-118,40,-96,2,-118,40,-92,1,69,20,80,1,69,20,80,1,69,20,80,1,69,20,80,5,40,-2,-27,58,-111,62,-24,-91,-90,4,-119,-48,-44,51,33,39,34,-90,66,54,-111,72,69,0,84,-94,-84,20,7,-88,-88,-102,50,58,80,4,116,82,-30,-110,-128,10,94,-44,-83,-64,20,-122,-128,10,115,-11,-90,-81,90,83,-53,80,0,122,1,77,-89,55,90,74,0,41,-35,19,-21,77,-87,-42,48,99,0,-48,4,20,14,-76,-10,-115,-105,-34,-102,-68,30,104,1,-49,-40,83,-96,28,-109,81,-79,-55,-87,-30,24,-114,-128,29,-43,-86,74,98,117,38,-97,64,11,69,20,80,1,75,73,75,64,5,20,81,64,11,69,37,45,0,20,81,69,0,45,20,81,64,5,20,81,64,5,45,37,20,0,-76,82,81,64,11,69,37,45,0,20,81,69,32,10,40,-94,-128,10,40,-94,-128,10,40,-94,-128,10,40,-94,-128,42,14,-108,81,69,48,10,112,111,90,109,20,1,39,6,-112,-118,104,-89,6,-11,-96,6,-108,7,-88,-88,90,34,58,85,-98,13,33,90,0,-88,115,-98,105,72,56,-51,88,40,15,81,81,60,103,-75,0,53,58,-109,72,62,-11,25,-58,70,40,29,9,-96,4,61,104,-94,-99,-4,20,0,-48,50,69,61,-92,108,-32,30,41,19,-82,125,41,-76,1,42,-51,-21,79,-62,63,-42,-85,-48,14,40,2,83,1,-49,7,-118,-108,-16,-72,-88,-31,114,78,13,72,-35,104,1,-56,62,90,117,32,-23,75,64,5,45,37,45,0,20,81,69,0,45,20,81,64,5,45,37,45,0,20,81,69,0,20,-76,-108,80,2,-47,69,20,0,81,69,20,0,81,69,20,0,81,69,20,0,81,69,20,0,-76,82,81,72,5,-94,-110,-118,0,90,41,40,-96,2,-118,40,-96,8,21,50,50,78,41,-124,96,-30,-91,111,-69,-118,-116,-12,20,92,4,-94,-118,41,-128,82,-46,82,-48,0,14,41,-31,-67,105,-108,80,4,-104,-51,33,90,104,36,83,-61,3,64,17,-78,3,-44,83,26,44,47,21,99,25,-92,34,-128,41,17,-114,-76,-26,32,-88,-85,12,-127,-70,-118,-123,-95,35,-89,52,0,-47,-62,19,77,-89,-72,42,-96,83,40,0,-94,-108,12,-102,67,-59,0,75,0,-22,106,81,-53,83,99,24,74,114,119,52,1,37,20,81,64,5,45,37,45,0,20,81,69,0,45,20,-108,-76,0,81,69,20,0,-76,81,69,0,20,81,69,0,20,-76,-108,80,2,-47,73,75,64,5,20,81,64,5,20,81,64,5,20,81,72,2,-118,40,-96,2,-118,40,-96,2,-118,40,-96,2,-118,40,-96,8,9,-54,3,77,52,43,16,56,-92,-94,-64,20,81,69,48,10,90,40,-96,2,-118,40,-96,5,-94,-118,40,1,65,34,-98,24,26,-114,-106,-128,36,-59,52,-83,32,98,41,-32,-125,64,17,-78,6,24,53,11,66,71,78,106,-34,41,-91,104,2,-104,37,123,82,14,90,-83,52,97,-70,-118,98,-61,-75,-77,-102,0,83,-62,-30,-98,-125,11,76,60,-100,84,-126,-128,22,-118,40,-96,2,-106,-110,-118,0,90,40,-94,-128,10,90,74,40,1,104,-94,-118,0,41,105,40,-96,5,-94,-110,-106,-128,10,40,-94,-128,10,40,-94,-128,10,40,-94,-128,10,90,74,40,0,-91,-92,-94,-112,5,45,37,20,0,-76,82,81,64,5,20,81,64,5,20,81,64,21,23,57,-59,58,-103,-100,26,-112,48,35,-98,-76,3,10,74,113,20,-108,-64,40,-94,-118,4,20,-76,-108,-76,0,81,69,20,12,40,-94,-106,-128,10,40,-94,-128,28,27,29,105,-32,-125,81,82,-118,0,-109,20,-42,20,7,-11,-91,98,8,-96,8,-121,45,79,-92,81,-118,90,0,90,40,-94,-128,10,40,-94,-128,22,-118,74,90,0,40,-94,-118,0,41,105,40,-96,5,-94,-118,40,0,-94,-118,40,1,104,-92,-94,-128,22,-118,74,90,0,40,-94,-118,0,40,-94,-118,64,20,81,69,0,20,81,69,0,20,81,69,0,20,82,81,64,5,20,81,64,21,40,20,82,-118,67,28,-83,-118,120,27,-122,69,71,-34,-108,18,-89,34,-99,-62,-61,-88,-91,-5,-64,-111,-42,-102,14,126,-76,-60,45,20,81,64,5,20,81,64,5,45,20,80,1,69,20,80,1,69,20,-76,0,82,-46,82,-48,1,69,20,80,2,-47,69,20,0,81,69,20,0,82,-46,81,64,11,69,20,80,1,69,20,80,1,75,73,75,64,5,20,81,64,5,20,81,64,5,45,37,20,0,-76,82,82,-48,1,69,20,80,2,82,-46,81,64,11,69,37,20,0,81,69,20,-128,40,-94,-118,0,40,-92,-94,-128,42,-9,-91,20,-108,-67,-23,12,83,69,20,80,49,-47,-100,53,35,-116,53,37,62,78,84,26,98,26,27,-42,-99,81,-102,80,113,66,16,-6,40,7,52,-76,-64,40,-94,-118,0,40,-94,-118,0,41,105,41,104,0,-91,-92,-91,-96,2,-118,40,-96,5,-94,-118,40,0,-94,-118,40,0,-94,-118,40,1,104,-94,-118,0,40,-94,-118,0,40,-94,-112,-80,29,77,0,45,45,68,101,95,90,60,-43,-11,-96,9,104,-88,-60,-118,123,-45,-125,15,90,0,117,20,-103,-93,52,0,-76,81,69,0,20,81,69,0,20,81,69,0,20,81,69,0,20,81,69,32,10,74,40,-96,2,-118,40,-96,10,-96,-28,82,-45,20,-19,108,30,-107,37,33,-128,-94,-114,-12,80,48,-87,7,49,-45,59,83,-29,-18,40,66,100,70,-118,86,-21,72,41,-120,71,37,64,-59,57,37,7,-125,-63,-88,-27,60,-45,41,-127,110,-118,-127,37,43,-63,-28,84,-22,-63,-122,69,0,20,82,-46,80,1,75,73,75,64,5,45,37,45,0,20,81,69,0,45,20,81,72,2,-118,40,-96,2,-118,40,-90,1,75,73,65,32,12,-102,0,90,-115,-27,11,-18,106,41,38,39,-127,-46,-93,10,90,-128,30,-46,-79,-10,-90,124,-58,-92,88,-59,74,-87,64,21,-62,55,-91,47,-106,-34,-107,104,40,-91,-64,-96,10,123,88,118,-93,36,122,-43,-52,10,105,-115,79,106,0,-84,36,97,-34,-98,38,-11,-89,-104,1,-23,81,-76,44,58,80,4,-94,80,123,-45,-61,3,85,10,-80,-22,40,12,71,122,0,-71,-102,90,-84,-78,-111,-42,-92,89,65,-96,9,104,-90,-122,6,-105,52,0,-76,82,81,64,11,73,69,20,-128,40,-94,-118,0,40,-94,-118,0,-87,-115,-53,-98,-12,35,118,52,70,112,72,-95,-41,-72,-96,99,-24,-92,86,-56,-9,-94,-112,11,79,-113,-17,83,40,83,-13,10,0,89,6,26,-101,-48,-44,-110,14,69,49,-41,20,-60,69,39,38,-102,106,70,81,-64,-17,81,-29,6,-104,1,-91,70,42,114,41,41,-54,56,-96,9,-47,-61,117,-32,-45,-22,-72,-87,17,-114,57,-91,113,-40,-110,-118,58,-47,76,65,75,73,75,64,5,20,81,64,11,69,20,82,0,-94,-118,40,0,-94,-118,70,96,-93,38,-128,6,96,-93,38,-85,73,33,115,-19,72,-18,92,-45,-47,49,-55,-21,76,6,-86,119,53,42,-83,0,102,-92,3,20,0,1,-118,117,37,45,32,10,40,-94,-104,5,45,37,45,0,20,-108,82,-48,2,21,6,-93,104,84,-44,-76,80,5,86,-124,-114,-107,25,4,117,21,118,-112,-88,61,69,0,85,14,71,122,-111,101,-11,-91,104,1,-23,81,52,108,-76,1,96,56,52,-20,-43,48,-60,84,-117,41,29,104,2,-51,21,26,-56,13,63,52,0,-76,82,81,72,2,-118,100,-115,-75,104,-96,10,-20,48,115,82,100,17,72,70,69,54,51,-113,-108,-46,24,-121,-28,108,-118,126,114,51,67,12,-118,98,-100,112,105,-127,60,42,29,-71,-19,79,-111,2,-14,7,29,-59,64,-84,84,-28,117,21,47,-98,91,-8,69,49,9,47,42,8,-90,49,-28,84,-114,63,119,80,63,24,52,-128,83,-42,-93,60,-102,126,114,41,-88,50,-44,12,112,65,74,69,47,122,59,-46,1,41,-44,98,-106,-127,-128,56,-89,-122,6,-103,69,23,11,18,-47,76,13,-21,79,-90,72,81,69,20,-64,41,105,41,104,0,-94,-118,66,112,50,105,0,49,10,50,106,-85,-71,115,75,36,-123,-50,7,74,124,105,-127,-109,76,1,19,104,-55,-21,79,3,52,117,-89,1,64,10,6,41,104,-91,-92,1,69,20,83,0,-94,-118,40,0,-94,-118,40,0,-91,-92,-94,-128,22,-118,74,40,0,-94,-118,40,0,-96,-116,-47,69,0,70,-15,3,80,52,76,-75,110,-112,-118,0,-90,9,20,-11,-108,-114,-75,43,-60,26,-95,104,-39,104,2,117,112,105,-39,-30,-86,2,69,59,-52,56,-59,0,44,-115,-71,-88,-90,117,-94,-112,-55,69,49,-58,14,69,62,-126,50,49,72,4,83,-111,-102,107,-114,-30,-109,-18,53,60,-14,48,59,-45,1,16,-28,102,-100,-89,7,53,26,-99,-92,-118,120,57,-90,34,99,-54,26,-127,-120,43,82,-58,-39,-54,-6,84,123,50,79,60,10,0,-116,28,10,88,-5,-48,-64,118,-91,-113,-91,38,52,58,-114,-12,-76,14,-76,-122,45,2,-118,41,0,-76,-108,81,64,5,40,36,82,81,64,18,3,-102,90,-117,-91,61,91,-42,-86,-30,-80,-22,40,-94,-127,5,87,-106,77,-57,3,-91,58,105,63,-124,83,98,76,-100,-98,-108,-64,88,-93,-2,35,82,26,83,64,20,0,1,78,-94,-106,-112,5,45,37,45,48,10,40,-94,-128,10,40,-94,-128,10,40,-94,-128,10,40,-94,-128,10,40,-94,-128,10,40,-94,-128,10,40,-94,-128,10,40,-94,-128,10,66,51,69,20,1,12,-111,12,100,84,7,-118,-79,51,96,98,-95,-21,64,12,-23,69,41,20,80,4,-44,81,69,73,67,88,102,-102,-121,7,6,-92,-90,-78,100,102,-88,-111,-82,48,-44,-86,112,105,-121,36,-13,82,98,-128,31,25,30,103,20,-39,50,24,-47,31,14,41,102,-32,-48,4,70,-106,58,109,57,41,48,67,-59,40,-21,72,41,123,-46,40,90,40,-94,-112,5,20,80,40,0,-94,-125,69,0,20,81,69,0,42,-74,40,-110,76,12,14,-76,-42,56,21,23,44,106,-112,-104,-88,-123,-50,79,74,-79,-48,83,83,0,98,-106,-127,0,-89,10,0,-91,-96,2,-106,-118,40,0,-94,-118,40,1,104,-94,-118,96,20,81,69,0,20,81,69,32,10,40,-94,-104,5,20,81,64,5,20,81,64,5,20,81,64,5,37,20,80,1,72,-57,3,52,-75,12,-51,-40,80,4,108,119,28,-46,81,69,33,-117,69,40,28,81,72,7,-45,77,45,42,-114,62,-76,-48,49,20,102,-108,-98,49,-34,-112,-126,-83,67,-3,-35,-39,-21,76,68,88,-53,96,82,-122,-57,6,-106,49,-58,105,-52,-69,-66,-76,0,-87,-57,52,-73,29,51,81,100,-81,6,-92,-112,-122,-113,34,-128,32,29,-23,-23,-46,-102,59,-46,3,-125,64,19,14,-76,26,65,74,106,74,22,-106,-102,41,105,0,-76,81,69,0,20,81,69,0,20,19,-127,69,71,35,103,-127,76,6,-79,44,106,69,92,10,106,47,115,82,80,-60,-124,-89,3,77,-91,-96,100,-126,-106,-94,4,-118,-111,88,26,98,29,69,20,80,32,-94,-118,41,-128,-76,82,81,72,5,-94,-118,40,0,-94,-118,41,-128,81,69,20,0,81,69,20,0,81,69,20,0,82,81,69,0,20,81,69,0,35,29,-93,53,88,-100,-100,-45,-27,108,-100,84,116,-128,41,-62,-112,83,-87,12,40,-92,-94,-128,29,-41,-118,127,-45,-73,74,106,-3,-22,86,-56,35,21,72,76,15,42,61,106,19,-13,54,5,62,71,-58,64,-92,69,-64,-55,-17,64,14,3,3,20,-67,6,105,51,72,-19,-57,20,0,-42,-28,19,-98,-108,-50,64,-10,52,-28,125,-83,-98,-93,-95,21,51,32,-14,-16,57,29,-115,0,86,94,-76,-108,-18,-122,-112,-48,3,-112,-44,-107,18,-44,-118,115,82,-58,-123,20,-76,-99,-23,104,24,-76,82,82,-46,0,-94,-118,74,0,71,108,10,-115,70,77,12,114,106,69,24,20,-10,16,-31,69,20,82,24,-108,-76,-108,80,0,105,7,90,13,40,20,-64,122,-65,99,82,84,20,-27,98,40,-72,-84,75,69,32,32,-46,-45,16,81,69,20,0,81,69,20,-64,90,41,40,-96,5,-94,-110,-118,0,90,41,40,-96,2,-118,40,-96,2,-118,40,-96,2,-102,-19,-75,105,-43,94,86,-55,-92,3,15,38,-106,-110,-108,80,49,69,45,20,-108,-128,40,-94,-118,0,117,56,-72,9,-109,-42,-101,-100,10,-113,-17,-73,-75,52,38,42,46,126,99,-46,-91,61,56,-22,104,35,-127,-114,-108,33,-7,-59,48,26,71,28,-44,103,-89,-75,92,42,13,65,44,39,31,47,-27,64,16,10,-102,35,-104,-56,-12,-90,-92,71,-67,76,0,81,-127,64,21,79,12,105,15,90,-75,-27,-87,-19,77,104,1,-28,113,64,16,45,60,122,-48,-47,21,25,28,-46,14,41,12,118,105,105,-92,82,-125,-59,32,29,69,37,45,3,10,107,-100,12,83,-86,38,59,-115,8,24,-88,50,115,82,10,104,24,24,-89,80,-63,11,73,69,20,-128,40,39,-118,41,13,0,2,-106,-112,82,-48,1,69,20,80,2,-125,-118,122,-66,122,-44,116,83,2,122,42,53,124,117,-89,-125,-102,100,-117,69,20,83,0,-94,-118,40,0,-94,-118,40,0,-94,-118,40,0,-94,-118,40,0,-94,-118,67,-64,-96,6,-56,-40,90,-81,78,118,-36,-44,-38,67,10,112,-96,10,90,64,20,81,69,3,10,40,-94,-127,12,99,-72,-32,83,-62,-32,98,-111,87,3,-34,-99,64,10,9,-37,-118,1,-57,52,-108,-42,57,28,85,8,-98,41,55,-28,30,-43,45,83,-123,-79,32,21,114,-128,19,104,-92,-39,78,-94,-112,12,-37,-118,57,-89,-47,-118,0,-113,25,-88,-35,1,-26,-89,43,76,35,20,1,92,-16,105,58,26,-107,-112,117,29,106,19,-112,121,-96,99,-77,70,105,-76,82,1,89,-72,-59,34,14,-12,-34,-90,-98,41,-128,-31,75,72,40,-87,24,-76,80,40,-96,0,-46,10,58,-46,-30,-128,10,40,-94,-128,10,59,-47,69,0,20,-76,82,80,1,74,9,20,-108,83,2,85,96,105,-43,5,61,95,-79,-89,113,88,-110,-118,65,-51,45,49,5,20,81,64,5,20,81,64,5,20,81,64,5,71,43,96,98,-98,78,6,106,-69,28,-100,-46,1,-76,-76,82,-127,64,-59,20,81,69,33,-123,2,-118,40,0,52,81,69,0,20,-76,-108,26,0,41,123,80,-96,-109,-59,60,70,104,16,-112,-86,1,-17,83,-44,107,24,7,57,-87,42,-124,45,25,-92,-51,45,32,10,40,-93,52,0,-76,-124,102,-118,90,0,-119,-105,31,74,-119,-41,112,-9,-85,93,106,23,92,31,106,0,-85,-46,-112,-102,-103,-45,53,14,57,-26,-128,20,10,81,73,75,64,-57,102,-108,83,5,40,52,-122,62,-109,52,102,-110,-112,10,5,45,20,80,1,69,20,80,1,69,20,-76,0,-108,-76,81,64,5,20,81,64,1,20,-108,-76,-108,-64,85,98,42,64,-64,-44,84,14,13,23,17,61,20,-59,127,90,117,49,11,69,37,20,-64,90,74,41,-114,-8,24,20,0,-110,55,97,81,82,-25,38,-110,-112,-64,83,-88,2,-118,64,20,81,69,3,10,40,-94,-128,10,40,-94,-128,10,80,9,-24,41,-75,58,17,-74,-127,9,26,-29,-83,72,41,56,-11,-91,20,-60,45,33,52,26,41,-128,82,-26,-110,-118,64,46,104,-51,37,45,0,45,20,81,64,11,72,-61,34,-108,81,64,16,99,7,6,-94,-107,59,-118,-80,-21,-34,-104,70,70,40,2,-82,105,105,-46,70,87,-111,-46,-103,64,-59,-91,-92,-91,-96,5,20,-31,76,6,-100,13,33,-114,-94,-110,-118,64,45,20,81,64,5,20,81,64,10,40,-92,-94,-128,10,90,74,90,0,41,41,105,40,0,-94,-106,-110,-104,5,40,36,82,81,64,15,18,26,55,-5,83,40,-51,23,21,-123,46,77,48,-46,-47,64,9,-118,92,81,69,0,20,81,69,3,10,40,-94,-128,10,40,-94,-128,12,-47,69,20,8,74,90,40,-96,5,-87,-41,-91,20,83,64,-59,-94,-118,40,16,-108,-76,81,64,5,20,81,64,10,41,104,-94,-128,22,-125,69,20,0,-45,-42,-93,61,104,-94,-128,27,39,-36,-86,-44,81,64,-59,29,40,-94,-118,0,90,90,40,-92,3,-121,74,40,-94,-112,-62,-105,-75,20,80,1,69,20,80,0,104,-94,-118,0,40,20,81,64,11,73,69,20,0,81,69,20,0,80,40,-94,-128,10,74,40,-90,1,69,20,80,1,69,20,80,1,69,20,80,1,69,20,80,1,69,20,80,2,81,69,20,8,-1,-39],"status":0}
1332453951610: about to execute HTTP POST
1332453952325: finished executing HTTP POST, get data
1332453952327: make input stream reader for data
1332453952328: Make new Gson
1332453952329: Returning cloud object
1332453952346: sendClientNewpic latency = 817
1332453952346: RETURN STATUS: 12
1332453957318: HI I'm in ONPAUSE()
