1331841932209: *** Opened log file for writing ***
1331841932210: *** Application started ***
1331841932210: HI I'm in ONRESUME()
1331841932214: SAMPLING_DISTANCE : 1, SAMPLING_DURATION : 1000
1331841939750: ************ GPS turned OFF *************
1331841949083: moving from region (-1,-1), to (2,0)
1331841951874: Picture successfully taken, ORIG BYTE LENGTH = 2807570
1331841952935: Our new height x width: 306 x 408
1331841952936: Show photo from handle my camera take
1331841952936: Show photo done 
1331841952937: client making photo packet to send to leader
1331841952957: BYTE SIZE AFTER COMPRESSION: 4376
1331841952958: Server request to url: http://128.30.87.130:6212/101/2/0/
1331841953089: gson string: {"debugstr":"today is pi day","photo_bytes":[-1,-40,-1,-32,0,16,74,70,73,70,0,1,1,0,0,1,0,1,0,0,-1,-37,0,67,0,80,55,60,70,60,50,80,70,65,70,90,85,80,95,120,-56,-126,120,110,110,120,-11,-81,-71,-111,-56,-1,-1,-1,-1,-1,-1,-1,-1,-1,-1,-1,-1,-1,-1,-1,-1,-1,-1,-1,-1,-1,-1,-1,-1,-1,-1,-1,-1,-1,-1,-1,-1,-1,-1,-1,-1,-1,-1,-1,-37,0,67,1,85,90,90,120,105,120,-21,-126,-126,-21,-1,-1,-1,-1,-1,-1,-1,-1,-1,-1,-1,-1,-1,-1,-1,-1,-1,-1,-1,-1,-1,-1,-1,-1,-1,-1,-1,-1,-1,-1,-1,-1,-1,-1,-1,-1,-1,-1,-1,-1,-1,-1,-1,-1,-1,-1,-1,-1,-1,-1,-1,-1,-1,-1,-1,-64,0,17,8,1,50,1,-104,3,1,34,0,2,17,1,3,17,1,-1,-60,0,31,0,0,1,5,1,1,1,1,1,1,0,0,0,0,0,0,0,0,1,2,3,4,5,6,7,8,9,10,11,-1,-60,0,-75,16,0,2,1,3,3,2,4,3,5,5,4,4,0,0,1,125,1,2,3,0,4,17,5,18,33,49,65,6,19,81,97,7,34,113,20,50,-127,-111,-95,8,35,66,-79,-63,21,82,-47,-16,36,51,98,114,-126,9,10,22,23,24,25,26,37,38,39,40,41,42,52,53,54,55,56,57,58,67,68,69,70,71,72,73,74,83,84,85,86,87,88,89,90,99,100,101,102,103,104,105,106,115,116,117,118,119,120,121,122,-125,-124,-123,-122,-121,-120,-119,-118,-110,-109,-108,-107,-106,-105,-104,-103,-102,-94,-93,-92,-91,-90,-89,-88,-87,-86,-78,-77,-76,-75,-74,-73,-72,-71,-70,-62,-61,-60,-59,-58,-57,-56,-55,-54,-46,-45,-44,-43,-42,-41,-40,-39,-38,-31,-30,-29,-28,-27,-26,-25,-24,-23,-22,-15,-14,-13,-12,-11,-10,-9,-8,-7,-6,-1,-60,0,31,1,0,3,1,1,1,1,1,1,1,1,1,0,0,0,0,0,0,1,2,3,4,5,6,7,8,9,10,11,-1,-60,0,-75,17,0,2,1,2,4,4,3,4,7,5,4,4,0,1,2,119,0,1,2,3,17,4,5,33,49,6,18,65,81,7,97,113,19,34,50,-127,8,20,66,-111,-95,-79,-63,9,35,51,82,-16,21,98,114,-47,10,22,36,52,-31,37,-15,23,24,25,26,38,39,40,41,42,53,54,55,56,57,58,67,68,69,70,71,72,73,74,83,84,85,86,87,88,89,90,99,100,101,102,103,104,105,106,115,116,117,118,119,120,121,122,-126,-125,-124,-123,-122,-121,-120,-119,-118,-110,-109,-108,-107,-106,-105,-104,-103,-102,-94,-93,-92,-91,-90,-89,-88,-87,-86,-78,-77,-76,-75,-74,-73,-72,-71,-70,-62,-61,-60,-59,-58,-57,-56,-55,-54,-46,-45,-44,-43,-42,-41,-40,-39,-38,-30,-29,-28,-27,-26,-25,-24,-23,-22,-14,-13,-12,-11,-10,-9,-8,-7,-6,-1,-38,0,12,3,1,0,2,17,3,17,0,63,0,120,-94,-118,42,10,22,-118,40,-96,2,-118,40,-96,2,-106,-110,-106,-128,10,40,-94,-128,22,-127,69,20,0,-76,81,69,48,22,-118,74,90,0,41,105,40,-96,66,-46,-46,81,64,11,72,104,-92,-96,2,-118,40,-96,97,73,75,73,72,2,-118,40,-96,4,-94,-118,41,0,-108,82,-46,80,1,69,20,80,48,-94,-118,40,0,-94,-118,40,1,40,-51,29,-24,-96,2,-102,104,-51,20,0,-108,81,69,0,20,-108,-76,-108,0,-76,-108,81,64,9,69,20,80,2,26,41,104,-90,4,-108,-94,-110,-118,4,45,20,81,64,5,45,37,20,0,-76,80,40,-96,2,-118,40,-96,5,-94,-110,-106,-128,10,40,-94,-128,22,-118,40,-96,5,-94,-110,-118,96,45,45,37,20,0,-76,-108,81,64,5,20,81,72,4,-94,-118,40,0,-92,-94,-118,0,40,-96,-47,72,2,-118,74,40,24,81,69,20,0,81,69,37,0,20,102,-110,-118,0,51,72,77,20,-108,0,-94,-109,-91,29,40,-96,3,-83,20,81,64,5,37,45,37,0,20,81,69,0,20,-108,-67,-88,20,0,-108,82,-9,-94,-128,31,69,20,83,16,-76,81,69,0,20,81,69,0,20,-76,-126,-118,0,90,40,-94,-128,10,81,73,69,0,45,20,82,80,2,-46,-46,81,64,11,69,37,45,0,20,-76,-108,-76,0,81,73,69,0,20,82,81,64,11,-102,41,40,-96,2,-118,40,-92,1,69,37,20,12,90,74,90,40,1,40,-94,-110,-128,10,74,51,72,104,1,115,-102,74,40,-19,64,9,75,73,75,64,9,69,20,80,1,69,20,10,0,76,81,75,73,64,5,37,47,122,40,0,-94,-125,73,64,11,69,37,20,1,37,20,81,76,65,75,73,69,0,20,-76,81,64,5,20,81,-118,0,40,-94,-106,-128,1,69,39,122,90,0,90,74,40,52,0,-76,82,81,64,11,69,37,45,0,45,25,-92,-94,-128,22,-110,-118,40,0,-94,-118,41,0,81,73,69,0,45,20,81,64,-60,-94,-118,40,0,-94,-118,40,0,-90,-102,90,105,-96,2,-118,40,-96,4,-91,-92,-94,-128,22,-110,-118,40,0,-94,-118,40,0,-96,81,69,0,25,-94,-110,-116,-48,1,72,41,104,-96,2,-110,-106,-110,-128,10,40,-94,-128,36,-94,-118,90,98,18,-127,75,73,64,11,73,75,69,0,20,81,69,0,45,37,25,-94,-128,10,90,74,90,0,40,-94,-118,0,40,-94,-118,0,40,-94,-118,0,41,105,40,-92,2,-47,73,69,0,20,81,73,64,-59,-94,-116,-47,64,5,45,38,105,51,64,11,69,37,38,104,1,104,-51,37,6,-128,10,76,-47,69,0,20,81,69,0,37,20,-76,80,2,81,74,105,40,0,-94,-118,40,0,-92,-91,-94,-128,19,20,82,-46,30,-76,0,-108,-76,81,64,6,105,41,105,40,0,-94,-116,81,64,18,81,69,20,-60,45,20,81,64,5,20,81,64,11,73,69,20,0,81,69,20,0,82,-46,81,64,5,45,37,2,-128,22,-110,-106,-110,-112,11,69,37,20,12,90,41,-69,-128,-22,105,-90,85,29,-13,76,68,-103,-92,-51,66,103,-12,20,-61,43,-73,122,118,97,114,-55,96,58,-102,111,-104,-71,-32,-43,83,-109,-42,-112,28,28,-114,-76,-7,69,114,-41,-104,1,-63,-29,-21,79,-51,83,102,44,114,-57,38,-100,-110,21,-29,-75,38,-121,114,-51,25,-90,-125,-111,-111,78,-87,24,102,-118,74,40,1,105,41,105,40,0,-94,-118,40,0,-94,-118,40,1,41,104,-94,-128,3,73,75,77,-96,5,-94,-118,40,0,-94,-118,40,0,-94,-118,40,1,40,-94,-118,0,40,-94,-110,-128,10,40,-94,-128,37,-94,-110,-118,98,10,40,-91,-96,2,-118,40,-96,5,-92,-94,-118,0,40,-92,-94,-128,22,-118,66,64,-22,106,51,50,-114,-7,-96,9,41,106,-71,-100,-10,20,-61,35,30,-12,-20,23,45,22,3,-87,-90,52,-56,59,-26,-85,114,105,66,-45,-27,21,-55,76,-2,-126,-104,100,115,-34,-128,-94,-92,80,5,82,-120,-82,49,99,-111,-5,126,117,32,-74,-64,-53,53,74,-99,41,-17,-99,-103,29,-87,-40,-101,-107,-60,105,-37,-102,82,-101,123,118,-30,-84,2,-84,-103,-20,106,22,61,61,-87,-96,20,-123,-37,-116,10,-88,-32,6,56,-23,86,54,59,12,3,-59,65,34,-108,98,15,106,77,-95,69,89,-115,-19,72,104,-94,-92,-78,104,-102,-90,21,82,51,-125,86,-127,-56,-88,101,33,-44,82,82,-46,24,-108,81,70,104,0,20,81,69,0,6,-110,-118,90,0,41,41,105,49,64,5,29,-88,-94,-128,10,59,81,64,-96,2,-118,90,74,0,41,13,45,33,-96,2,-118,59,-47,64,5,37,2,-118,0,40,-94,-118,0,-110,-118,40,-19,76,66,-118,41,41,104,0,52,81,69,0,20,10,40,-96,2,-94,-106,77,-65,40,-21,82,-43,55,57,118,62,-12,-48,49,9,39,-87,-91,11,-111,-98,-44,-38,122,115,-111,-100,102,-83,16,-57,24,72,77,-60,125,57,-90,82,-110,119,2,122,82,30,14,40,0,-89,10,109,59,7,110,-18,-58,-104,10,41,-30,-104,41,-30,-104,-119,-93,-87,7,-35,-88,-112,-44,-85,-34,-122,33,-122,-93,106,-111,-86,54,-90,3,-93,112,-96,-28,-44,51,-70,-69,100,83,-64,-50,1,-11,-95,-108,21,28,14,127,74,-101,106,52,86,20,82,81,82,80,14,26,-84,-58,120,-86,-90,-84,68,105,49,-94,90,40,-94,-96,-96,-91,-19,73,69,0,20,81,64,-96,2,-118,49,69,0,20,81,71,122,0,76,81,69,20,0,-108,-76,81,64,5,37,45,37,0,45,24,-91,-92,-96,4,-94,-118,40,0,-92,-91,-94,-128,10,40,-94,-128,31,64,-94,-127,76,66,-47,69,20,0,81,69,20,0,81,69,20,0,85,57,6,36,111,-83,92,-86,-41,3,15,-97,90,104,76,-114,-128,112,115,73,75,86,33,73,-54,-25,-34,-108,-10,62,-76,-117,-50,71,-75,47,27,126,-108,-60,3,-23,74,-96,-110,0,-17,74,-92,-96,12,-89,25,-89,-84,-68,-28,-88,-56,-18,56,-96,6,-107,42,-60,30,-44,-31,76,-50,78,77,59,36,-128,15,110,-108,-60,72,-122,-90,83,80,45,76,-67,40,98,17,-70,-44,102,-91,122,-120,-45,64,55,-42,-99,-27,-54,-21,-40,3,-34,-101,-48,-44,-87,34,-86,97,-113,35,-118,76,47,98,-109,13,-84,65,-19,65,57,20,-23,-120,105,9,94,-122,-103,82,82,3,-46,-91,-120,-12,-88,-87,-15,116,21,44,-92,89,-94,-127,75,80,80,-126,-118,90,40,1,40,-94,-118,0,90,74,90,74,0,90,74,40,-96,2,-110,-106,-118,0,74,41,105,13,0,20,81,69,0,20,81,71,122,0,41,40,-17,69,0,20,81,70,104,0,-94,-110,-118,0,-110,-127,69,45,49,5,20,81,64,5,6,-118,40,0,20,80,40,-96,2,-95,-100,101,51,-23,83,83,88,110,82,61,104,64,83,-94,-106,-110,-84,-111,71,7,52,-32,62,98,41,-108,-16,11,17,-76,100,-45,16,-126,-108,80,71,52,83,1,-40,35,25,-29,52,-94,-109,52,-94,-104,-121,-118,-103,42,1,82,-95,-90,33,-25,-107,-88,-54,-4,-96,-44,-108,-58,108,41,95,-54,-112,12,-38,8,111,81,81,-72,-55,-29,-67,59,120,83,-100,-45,60,-36,116,-96,97,48,27,87,3,7,28,-44,64,-30,-100,-52,88,-28,-46,98,-91,-115,43,33,42,72,-58,0,-92,85,-11,-87,81,123,-44,-74,82,36,20,80,40,-88,40,94,-44,-108,81,64,5,45,37,45,0,20,81,73,64,5,20,81,64,5,20,80,40,0,-94,-118,74,0,40,-91,-92,-96,3,-75,20,82,26,0,40,-94,-110,-128,22,-110,-118,67,76,5,-94,-109,52,80,4,-76,-76,-108,-76,8,40,-92,-94,-128,22,-118,74,40,1,104,-96,2,122,10,81,25,-6,81,96,18,-116,-45,-116,103,-79,-88,88,-112,113,-48,-45,-80,16,76,-69,92,-6,30,105,-107,52,-97,58,-5,-118,-122,-87,18,-61,53,58,18,-114,15,-81,53,5,57,91,24,-90,-124,62,95,-66,105,-94,-122,125,-35,-87,-71,52,-64,120,-91,-56,21,31,38,-108,41,-94,-31,97,-2,96,20,-66,126,58,10,96,-116,-45,-60,84,-71,-121,-54,33,-99,-49,78,41,-124,-77,117,36,-44,-69,0,-91,-38,42,121,-121,-54,67,-76,-45,-124,102,-91,-32,81,-102,87,29,-122,8,-23,66,10,118,105,51,69,-62,-62,-123,2,-106,-103,-68,122,-46,-122,7,-67,33,-113,-91,-92,20,-94,-112,5,2,-105,-75,37,0,20,-76,82,80,2,-46,82,-47,64,9,69,2,-106,-128,18,-116,-47,69,0,20,81,69,0,37,20,-76,-108,0,82,26,83,72,104,1,41,41,115,77,52,-64,83,73,69,37,2,3,69,37,20,-64,-79,70,105,66,-109,74,35,-11,52,88,46,54,-108,2,123,84,-127,64,-19,75,78,-62,-72,-63,31,-83,56,32,20,-76,83,-80,-82,45,20,81,64,5,69,58,110,76,-114,-94,-91,-94,-128,40,31,90,54,6,-28,83,-92,93,-84,86,-111,15,52,-122,55,-54,110,-44,8,-115,79,73,74,-29,-79,16,-118,-100,35,20,-30,105,11,-113,90,46,22,20,40,20,113,76,50,47,-83,33,-105,-48,81,-88,18,-46,102,-95,50,49,-92,-36,-57,-67,22,11,-109,-106,30,-76,-46,-21,-21,81,5,38,-92,88,9,-22,113,85,-54,75,-107,-124,50,15,74,67,33,-19,82,24,21,122,-110,104,17,2,112,6,62,-76,-7,69,-50,66,93,-113,122,76,-102,-99,80,110,0,-6,-46,-54,-117,-73,56,2,-97,40,-100,-11,-79,1,124,-88,24,28,83,122,116,-91,29,105,88,96,-44,-108,62,41,61,106,112,106,-94,-16,106,-52,103,43,82,-47,73,-114,-51,20,81,82,48,-93,20,82,-48,1,72,105,104,60,80,2,82,-46,81,64,5,2,-118,40,0,-94,-118,74,0,41,41,104,-96,4,52,-45,78,52,-45,76,4,52,-108,-90,-110,-104,-126,-118,40,-96,4,-94,-106,-118,0,-71,69,20,85,18,45,20,-108,-76,0,81,69,20,0,81,69,20,0,81,69,20,1,5,-62,-14,26,-85,-12,106,-69,34,-18,-116,-118,-94,-44,1,41,112,23,53,17,-108,-98,-100,83,73,-51,37,9,5,-59,36,-102,48,105,-21,-48,82,-79,13,-64,92,98,-99,-123,114,60,81,-118,90,40,0,-59,40,-94,-108,80,3,-106,-89,94,-43,10,-44,-53,-46,-83,16,-59,108,-85,-122,-22,58,26,89,8,-64,-57,80,104,111,-69,81,-102,44,36,49,-71,39,28,119,-95,-94,125,-92,-109,-100,81,-34,-97,-25,0,-72,-57,53,18,-65,66,-118,-58,-110,-100,-35,105,56,-57,-67,34,-58,-102,-102,38,-88,-87,-47,-102,76,104,-77,74,41,5,21,5,11,73,69,20,0,102,-118,40,-96,2,-118,40,-96,2,-106,-110,-106,-128,18,-118,40,-96,2,-110,-106,-110,-128,16,-46,26,83,73,76,67,77,20,-76,-108,-64,74,41,104,-96,4,60,81,72,-33,116,-47,64,23,104,-94,-118,-78,66,-118,40,-96,5,-94,-118,41,0,81,69,20,0,81,69,20,0,85,25,-41,108,-124,118,-85,-43,94,-19,114,-95,-67,56,-96,10,-76,80,40,-96,7,41,-64,34,-105,-65,-42,-102,41,123,83,16,81,74,105,70,-36,115,-112,104,1,14,59,12,80,41,-32,5,12,73,7,-114,41,-126,-104,14,21,50,84,61,-8,-23,82,41,-86,68,-78,95,-31,-88,-51,72,58,84,102,-126,80,-42,24,-95,122,-3,104,110,-108,-118,-69,-103,70,113,-37,52,50,-112,-39,-121,127,-13,-118,-113,25,-87,-27,-120,42,110,-36,73,-88,20,-19,57,-88,101,39,-96,-108,47,90,40,29,105,12,-78,-97,118,-99,76,78,-108,-22,-126,-59,-94,-118,41,0,81,69,20,0,81,69,20,0,81,75,69,0,37,45,37,20,0,82,82,-98,-108,83,1,-90,-110,-108,-118,74,4,37,20,81,76,4,52,-108,-90,-118,0,99,-12,-94,-119,40,-96,11,-44,82,82,-43,-110,20,81,69,0,20,-76,-108,80,2,-47,69,20,0,81,69,20,-128,41,-82,-69,-112,-81,-83,58,-118,0,-51,35,13,-118,59,-44,-73,41,-74,76,-6,-13,81,83,0,-89,-118,101,56,26,0,94,-44,18,73,-55,-93,-44,82,80,33,104,20,3,-50,104,-96,7,10,122,-45,5,56,85,33,50,113,-46,-104,-36,26,85,60,82,-78,-16,26,-103,4,71,-91,34,-25,63,78,105,-19,-128,-60,83,73,-5,-89,-37,20,12,89,37,44,10,5,-86,-25,-83,76,62,95,-97,61,123,84,45,-42,-91,-114,32,65,0,31,90,65,-42,-108,-110,122,-48,-125,38,-92,-78,116,-24,105,-12,-44,28,83,-86,10,10,40,-94,-112,-62,-118,81,69,0,37,20,81,64,11,69,2,-110,-128,10,90,74,40,0,-94,-118,67,76,64,105,-76,-71,-92,-96,4,-94,-118,41,-128,82,82,-46,26,0,-114,78,-76,82,63,90,40,2,-3,45,37,21,100,11,69,20,80,1,69,20,80,1,69,20,80,1,75,73,69,33,-117,69,37,45,0,67,114,-69,-93,-49,-91,83,21,-94,70,65,7,-67,103,-80,-38,-60,26,96,37,40,-92,-91,20,-128,-107,15,-54,65,29,-77,81,-98,-76,-95,-79,72,72,-90,32,-91,-90,-26,-116,-102,6,60,83,-127,-88,-64,99,-40,-46,-7,108,104,-26,21,-119,-124,-118,7,38,-113,61,118,-111,-55,-88,-124,71,-71,-89,8,71,114,104,114,14,81,-66,103,52,-46,-26,-91,-14,-41,-46,-100,20,14,-62,-105,48,-7,74,-7,39,-44,-46,-20,99,-40,-43,-118,42,121,-121,98,1,19,119,-30,-91,84,11,78,-93,-118,46,59,10,40,-92,-51,20,-122,45,20,102,-118,64,20,81,69,48,10,41,105,40,0,-94,-118,41,0,81,69,45,2,18,-112,-45,-87,13,48,26,105,41,-44,-45,64,9,69,20,83,0,-92,-91,-92,61,40,2,38,-21,69,6,-118,0,-65,69,20,85,-112,20,-76,-108,80,2,-47,69,20,0,81,69,20,12,40,-94,-118,0,40,-94,-118,64,21,90,-31,62,124,-6,-43,-102,100,-85,-71,62,-108,1,75,28,-30,-98,34,99,-23,67,-114,65,-87,16,-27,105,54,49,-126,31,83,78,-14,84,122,-102,-110,-110,-107,-57,97,-95,20,118,-89,0,5,20,102,-112,5,20,102,-109,52,0,-76,83,115,65,52,12,92,-46,-26,-93,36,122,-46,111,2,-127,18,102,-109,53,23,-103,-24,41,12,-124,-45,-80,92,-101,52,-46,-61,-42,-95,36,-98,-12,-72,27,121,39,52,88,87,37,14,61,105,-32,-43,94,69,62,55,-94,-61,-71,98,-106,-102,14,69,58,-112,-62,-127,69,20,8,90,74,40,-96,97,69,20,80,32,-94,-118,40,1,105,40,-94,-128,18,-112,-46,-46,26,0,74,74,90,74,96,20,-121,-18,-102,83,77,110,-108,0,-61,69,7,-91,20,1,116,116,-91,-90,-125,78,-85,32,40,-94,-118,0,41,105,40,-96,5,-94,-118,40,24,81,69,20,0,81,69,20,-128,40,-94,-118,0,-87,34,-32,-111,73,27,84,-41,3,-112,-43,91,56,106,67,39,-51,38,105,-91,-128,28,-102,97,-109,-48,82,-80,-55,115,72,91,2,-95,44,-57,-67,39,52,-20,43,-109,23,30,-76,-45,40,-88,-15,75,-74,-117,5,-59,50,26,77,-60,-9,-91,-37,74,0,-89,97,92,102,9,-11,52,-15,11,-97,-31,-87,-93,-12,-87,71,-35,-29,-83,85,-120,114,42,-7,39,-71,20,121,117,98,53,70,25,-57,61,-23,-113,-64,-57,112,105,-39,14,-29,68,32,-90,115,-51,66,-61,107,17,83,-122,126,-118,51,80,-72,32,-13,-42,-109,-80,-93,123,-22,55,28,82,116,57,-91,-94,-92,-78,88,-38,-91,-86,-24,112,106,-64,-28,84,-78,-112,82,-46,82,-118,67,10,40,-94,-127,5,20,81,64,5,20,81,64,5,20,81,64,-60,-92,-89,82,80,33,-92,82,83,-87,-92,-48,2,82,61,40,-90,-65,90,96,53,-70,81,67,116,-94,-102,19,44,66,-37,-112,122,-118,-106,-96,-120,-94,-99,-95,-78,77,76,42,-119,29,69,37,45,0,20,81,69,0,20,81,69,0,45,20,-108,-76,12,40,-94,-118,64,20,81,69,0,54,69,-36,-124,85,22,-21,90,21,74,117,-37,33,-12,52,1,31,94,-76,10,40,-96,9,21,6,121,32,123,-102,70,0,30,58,82,-125,-112,41,49,-59,80,-124,-91,-92,-91,29,121,56,-92,48,-91,20,-108,-94,-104,-119,16,-13,83,47,90,-82,-75,50,-98,-107,68,49,95,104,60,84,108,125,0,-89,-67,70,104,4,44,111,-125,-55,-90,76,-54,-57,34,-114,-71,20,-19,-96,-116,96,117,-88,-74,-91,21,-24,-91,61,105,41,20,40,-87,-48,-28,85,122,-102,51,73,-115,18,81,69,21,35,22,-118,40,-96,2,-118,41,40,1,104,-94,-118,6,20,82,81,-102,0,82,69,53,-104,1,72,-60,1,-109,81,-128,100,62,-44,33,1,114,-36,45,39,-106,-57,-87,-87,-107,66,-114,40,-89,112,34,-14,-113,102,-90,-74,-27,60,-13,83,-44,109,-9,-115,23,11,17,-106,-51,20,56,25,-94,-87,9,-117,-4,99,-21,87,22,-118,41,-110,45,45,20,80,1,69,20,80,1,69,20,80,48,-94,-118,40,0,-91,-94,-118,64,20,81,69,0,21,90,-17,-8,104,-94,-128,32,20,-108,81,64,10,41,-3,-24,-94,-104,-122,-47,69,20,12,90,81,69,20,-60,57,106,85,-23,69,21,72,-122,57,-70,26,-120,-47,69,0,-122,-9,-90,-28,-29,25,52,81,72,-95,-122,-107,-66,-32,-94,-118,-111,-115,-87,99,-94,-118,-106,82,37,-94,-118,42,70,47,106,5,20,80,48,-19,73,69,20,0,81,69,20,0,-108,-76,81,64,16,75,-9,-22,84,-5,-94,-118,41,-12,16,-22,40,-94,-112,-62,-94,63,120,-47,69,0,70,-3,104,-94,-118,-76,75,63,-1,-39],"status":0}
1331841953091: about to execute HTTP POST
1331841985929: finished executing HTTP POST, get data
1331841985934: make input stream reader for data
1331841985935: Make new Gson
1331841985937: Returning cloud object
1331841985950: sendClientNewpic latency = 32993
1331841985950: RETURN STATUS: 12
1331841985997: ************ GPS turned ON *************
1331842147378: HI I'm in ONPAUSE()
1331842445164: HI I'm in ONRESUME()
1331842445221: SAMPLING_DISTANCE : 1, SAMPLING_DURATION : 1000
1331842463678: HI I'm in ONPAUSE()
