1333321838115: *** Opened log file for writing ***
1333321838115: *** Application started ***
1333321838115: HI I'm in ONRESUME()
1333321838119: SAMPLING_DISTANCE : 1, SAMPLING_DURATION : 1000
1333321852791: ************ GPS turned OFF *************
1333321879731: moving from region (-1,-1), to (3,0)
1333321885488: Picture successfully taken, ORIG BYTE LENGTH = 2298576
1333321886488: Our new height x width: 306 x 408
1333321886489: Show photo from handle my camera take
1333321886490: Show photo done 
1333321886490: client making photo packet to send to leader
1333321886509: BYTE SIZE AFTER COMPRESSION: 4193
1333321886510: Server request to url: http://hermes5.csail.mit.edu:8213/101/3/0/
1333321886634: gson string: {"debugstr":"today is pi day","photo_bytes":[-1,-40,-1,-32,0,16,74,70,73,70,0,1,1,0,0,1,0,1,0,0,-1,-37,0,67,0,80,55,60,70,60,50,80,70,65,70,90,85,80,95,120,-56,-126,120,110,110,120,-11,-81,-71,-111,-56,-1,-1,-1,-1,-1,-1,-1,-1,-1,-1,-1,-1,-1,-1,-1,-1,-1,-1,-1,-1,-1,-1,-1,-1,-1,-1,-1,-1,-1,-1,-1,-1,-1,-1,-1,-1,-1,-1,-1,-37,0,67,1,85,90,90,120,105,120,-21,-126,-126,-21,-1,-1,-1,-1,-1,-1,-1,-1,-1,-1,-1,-1,-1,-1,-1,-1,-1,-1,-1,-1,-1,-1,-1,-1,-1,-1,-1,-1,-1,-1,-1,-1,-1,-1,-1,-1,-1,-1,-1,-1,-1,-1,-1,-1,-1,-1,-1,-1,-1,-1,-1,-1,-1,-1,-1,-64,0,17,8,1,50,1,-104,3,1,34,0,2,17,1,3,17,1,-1,-60,0,31,0,0,1,5,1,1,1,1,1,1,0,0,0,0,0,0,0,0,1,2,3,4,5,6,7,8,9,10,11,-1,-60,0,-75,16,0,2,1,3,3,2,4,3,5,5,4,4,0,0,1,125,1,2,3,0,4,17,5,18,33,49,65,6,19,81,97,7,34,113,20,50,-127,-111,-95,8,35,66,-79,-63,21,82,-47,-16,36,51,98,114,-126,9,10,22,23,24,25,26,37,38,39,40,41,42,52,53,54,55,56,57,58,67,68,69,70,71,72,73,74,83,84,85,86,87,88,89,90,99,100,101,102,103,104,105,106,115,116,117,118,119,120,121,122,-125,-124,-123,-122,-121,-120,-119,-118,-110,-109,-108,-107,-106,-105,-104,-103,-102,-94,-93,-92,-91,-90,-89,-88,-87,-86,-78,-77,-76,-75,-74,-73,-72,-71,-70,-62,-61,-60,-59,-58,-57,-56,-55,-54,-46,-45,-44,-43,-42,-41,-40,-39,-38,-31,-30,-29,-28,-27,-26,-25,-24,-23,-22,-15,-14,-13,-12,-11,-10,-9,-8,-7,-6,-1,-60,0,31,1,0,3,1,1,1,1,1,1,1,1,1,0,0,0,0,0,0,1,2,3,4,5,6,7,8,9,10,11,-1,-60,0,-75,17,0,2,1,2,4,4,3,4,7,5,4,4,0,1,2,119,0,1,2,3,17,4,5,33,49,6,18,65,81,7,97,113,19,34,50,-127,8,20,66,-111,-95,-79,-63,9,35,51,82,-16,21,98,114,-47,10,22,36,52,-31,37,-15,23,24,25,26,38,39,40,41,42,53,54,55,56,57,58,67,68,69,70,71,72,73,74,83,84,85,86,87,88,89,90,99,100,101,102,103,104,105,106,115,116,117,118,119,120,121,122,-126,-125,-124,-123,-122,-121,-120,-119,-118,-110,-109,-108,-107,-106,-105,-104,-103,-102,-94,-93,-92,-91,-90,-89,-88,-87,-86,-78,-77,-76,-75,-74,-73,-72,-71,-70,-62,-61,-60,-59,-58,-57,-56,-55,-54,-46,-45,-44,-43,-42,-41,-40,-39,-38,-30,-29,-28,-27,-26,-25,-24,-23,-22,-14,-13,-12,-11,-10,-9,-8,-7,-6,-1,-38,0,12,3,1,0,2,17,3,17,0,63,0,-110,62,-11,28,-56,27,-81,90,-110,62,-11,5,-53,16,-61,6,-128,34,104,-74,-116,-26,-93,-87,21,-120,124,19,79,49,-95,52,1,5,21,55,-108,-98,-75,26,-128,95,6,-128,25,75,74,-61,13,-127,77,-96,7,-18,93,-72,35,-102,109,37,45,0,88,-115,-43,80,100,-46,-7,-55,85,-49,65,73,64,22,124,-27,-90,-52,-63,-93,-56,-88,41,-33,-14,-49,-15,-96,6,81,69,45,0,21,44,31,126,-94,-87,109,-2,-11,0,76,-35,106,81,81,31,-68,42,90,67,22,-118,74,90,0,59,82,14,-108,30,-108,14,-108,0,81,69,20,0,-76,82,82,-48,1,69,20,80,2,-47,69,20,0,82,-46,82,-48,1,69,20,80,2,-47,69,20,0,81,69,20,0,-76,82,81,64,11,69,20,80,1,69,20,80,1,69,20,80,1,69,20,80,2,81,69,20,1,20,125,106,43,-95,-110,42,84,-5,-43,29,-49,24,52,-60,84,61,104,-55,-95,-114,77,59,97,-29,-34,-128,27,-109,69,4,96,-32,-45,-52,71,25,28,-48,3,42,72,-48,56,57,-90,-7,109,-23,78,82,-47,-81,78,-76,0,24,90,-113,37,-88,-13,-102,-113,56,-48,3,100,93,-92,10,77,-76,-23,27,113,6,-112,48,-57,78,104,1,-76,-17,-7,103,77,-89,31,-72,40,1,-76,81,69,0,21,53,-65,83,80,-44,-42,-3,-24,2,95,-30,21,45,68,62,-8,-87,104,24,81,69,20,-128,15,74,74,83,-46,-110,-128,22,-118,40,-96,65,75,73,69,3,22,-118,40,-96,66,-47,73,75,64,5,20,81,64,-59,-94,-110,-106,-128,10,90,74,40,1,104,-94,-118,0,40,-94,-118,0,40,-94,-118,0,40,-94,-118,0,90,74,40,-96,2,-118,40,-96,2,-118,40,-96,8,83,-17,83,46,-127,42,49,79,95,-68,41,101,96,-93,38,-104,-118,6,-116,-97,90,-100,-78,55,21,19,70,-61,-75,0,52,-100,-100,-44,-98,113,-57,74,-113,7,-46,-118,0,-105,-50,62,-108,-110,62,-11,21,21,45,0,37,21,32,31,47,108,83,40,0,61,-88,-85,10,-127,-93,25,-92,-14,7,99,64,16,83,-113,-36,20,-1,0,32,-6,-45,-4,-112,83,29,-24,2,-67,20,-13,11,10,79,45,-67,40,1,-75,61,-65,67,80,-19,97,-40,-44,-16,-126,20,-26,-128,30,-65,126,-92,-88,-41,-17,-44,-108,-128,90,41,41,104,0,61,41,41,104,-59,0,20,81,-118,48,104,0,-94,-114,104,-26,-128,10,90,74,40,1,104,-93,52,80,2,-47,73,75,64,-62,-106,-110,-118,0,90,40,-94,-128,10,40,-94,-128,22,-118,74,40,1,104,-94,-118,0,40,-94,-118,0,40,-94,-110,-128,22,-118,74,40,0,-94,-118,40,2,21,-22,41,46,126,-27,42,-11,20,79,-9,41,-120,-90,79,34,-92,-13,-67,-87,-113,-9,-87,-76,1,48,-108,30,-94,-93,24,46,115,-46,-101,69,0,43,99,60,116,-92,-92,-87,35,64,-32,-26,-128,25,73,82,24,88,116,-92,40,-61,-75,0,41,114,0,0,-46,121,-115,-21,72,-29,7,20,-108,0,-15,43,122,-44,-66,112,10,9,-21,85,-87,-3,66,-26,-128,36,-13,-3,-87,-62,113,-23,80,-70,-123,-90,-88,-55,-59,0,89,19,33,-89,-28,21,-56,-86,-124,109,53,60,39,-9,116,0,-12,-5,-43,37,70,-97,120,-44,-108,-128,41,105,40,-96,5,-94,-118,40,0,-91,-92,-94,-128,22,-118,40,-96,2,-118,40,-96,5,-94,-118,40,0,-59,24,-94,-118,6,24,-93,20,-76,80,2,98,-116,26,90,40,1,57,-91,-26,-118,40,0,-94,-118,40,0,-51,25,-94,-118,0,51,70,104,-93,20,0,81,73,-118,49,64,11,69,38,40,-96,2,-118,49,69,0,66,-67,-87,110,63,-43,-102,69,-24,41,-18,1,92,26,98,40,19,-102,118,-31,-76,2,41,-19,8,-49,6,-94,35,6,-128,21,-79,-98,42,95,45,89,71,99,80,83,-73,31,90,0,121,-124,-10,52,115,16,-6,-45,3,-111,-34,-107,-100,-78,-13,64,10,37,106,112,-101,-44,84,52,80,3,-27,57,108,-46,-100,108,-29,25,-90,26,40,1,41,-28,-32,41,-90,83,-37,-96,-96,4,102,-35,66,-3,-31,77,-89,39,-34,20,0,63,-34,-87,-31,-1,0,87,80,63,-34,-87,-30,-1,0,87,64,15,78,-90,-97,76,78,-90,-97,72,5,-94,-110,-106,-128,10,90,74,40,1,104,-92,-91,-96,2,-106,-110,-118,0,90,40,-94,-128,10,90,74,40,1,104,-92,-91,-96,2,-118,40,-96,97,75,73,69,0,45,20,-108,80,2,-47,73,69,0,45,20,-108,80,2,-47,73,69,0,45,20,-108,80,2,-46,81,69,0,20,81,69,0,64,-97,116,83,-90,-1,0,86,113,76,79,-72,41,-14,-1,0,-85,63,74,98,42,100,-116,28,-44,-123,-111,-128,-51,68,-61,20,-108,1,47,-106,-121,-95,-88,-54,-4,-40,-92,-55,-91,7,-26,-55,-96,4,97,-76,-32,-47,74,-60,19,-111,73,64,14,27,118,-5,-45,40,-94,-128,39,17,6,80,122,26,97,-119,-121,-67,30,97,0,1,74,38,52,0,-62,-116,59,26,87,24,3,62,-107,40,-104,30,-94,-103,55,44,40,2,42,114,125,-22,109,57,62,-11,0,13,-9,-115,79,31,-6,-79,80,55,-34,53,97,63,-43,-118,0,116,125,-23,-12,-56,-6,26,125,32,10,40,-94,-128,22,-118,74,90,0,40,-94,-118,0,90,41,41,104,0,-94,-118,40,1,104,-92,-94,-128,22,-118,74,90,0,40,-94,-118,0,90,41,40,-96,98,-47,69,20,0,81,69,20,0,81,69,20,0,81,69,20,0,81,69,20,0,81,73,69,0,45,20,-108,80,5,120,-2,-32,-87,36,-1,0,86,126,-107,28,95,112,84,-92,101,41,-120,-94,78,105,-64,2,-103,-17,78,104,72,-24,115,81,-111,-125,-118,0,86,92,82,-20,108,100,115,77,-87,22,92,40,24,-96,8,-15,82,66,1,-50,105,119,-85,117,20,-113,-128,-65,45,0,41,-120,30,-122,-102,98,97,-17,77,12,69,60,74,69,0,49,-58,14,41,-76,-9,57,124,-46,-107,24,36,80,3,42,127,44,58,12,-11,-88,42,67,33,85,0,80,0,97,97,-45,-102,110,-42,83,-46,-100,37,97,79,19,14,-30,-128,32,57,-49,53,101,120,65,64,40,-34,-108,-83,-46,-128,21,58,83,-87,-87,-46,-99,72,5,-94,-110,-106,-128,10,40,-94,-128,22,-118,74,90,0,40,-94,-118,0,41,105,40,-96,5,-94,-110,-106,-128,10,40,-94,-128,22,-118,74,40,1,104,-94,-118,6,20,81,69,0,20,81,69,0,20,81,69,0,45,37,20,80,1,69,20,80,1,69,20,80,1,69,37,20,1,94,47,-71,83,31,-71,-8,84,48,-3,-38,-104,-3,-54,98,42,23,110,-71,-89,-4,-116,-96,-98,-75,17,4,82,80,4,-122,47,-18,-100,-44,100,109,56,52,-95,-120,-17,70,114,-39,52,0,-108,103,-118,115,-11,29,41,-76,0,96,-6,82,83,-61,124,-92,26,109,0,6,-118,-101,-53,12,-93,-42,-104,98,97,-45,-102,0,101,43,-11,31,74,10,-111,-44,80,-3,104,1,40,-94,-100,-99,-24,1,-96,-13,86,73,-54,-43,110,-11,103,-8,104,1,-55,-9,105,-44,-43,-5,-76,-22,64,20,81,69,0,45,20,81,64,5,20,81,64,5,20,81,64,11,69,37,45,0,20,81,69,0,45,20,-108,-76,0,81,69,20,0,82,-46,81,64,-59,-94,-110,-118,0,90,41,40,-96,5,-94,-118,40,0,-94,-118,40,0,-94,-110,-118,0,40,-94,-118,0,40,-94,-118,0,-83,15,-35,53,56,-5,-107,4,61,13,76,62,-19,49,20,-40,-13,-118,64,56,-21,82,-68,71,39,21,17,4,28,26,0,8,35,-83,24,-30,-118,-111,29,66,96,-13,64,17,-46,-86,-106,-23,82,109,70,-24,113,64,30,86,73,-25,52,1,17,4,117,20,84,-66,96,61,69,46,-60,110,-122,-128,35,46,122,82,-84,-92,83,92,97,-120,-92,-96,9,-106,80,122,-118,107,0,92,-44,117,49,-116,-98,65,-96,8,105,-23,-48,-45,74,48,-22,41,80,-32,26,0,104,-21,86,79,-35,-86,-29,-17,10,-80,122,80,3,-105,-91,58,-102,58,82,-46,1,104,-94,-118,0,41,105,40,-96,5,-94,-110,-106,-128,10,40,-94,-128,10,40,-94,-128,22,-118,74,90,0,40,-94,-118,0,41,105,40,-96,5,-94,-110,-106,-127,-123,20,81,64,5,20,81,64,5,20,81,64,5,20,81,64,5,20,81,64,5,20,81,64,5,20,-108,80,5,104,59,-44,-21,-9,106,-68,61,77,88,94,-108,-60,85,118,59,-49,52,-32,-54,-53,-13,117,-90,-56,62,102,62,-12,-54,0,121,-113,63,116,-26,-104,65,83,-125,74,24,-118,25,-73,28,-102,0,76,-46,-106,36,96,-46,81,64,5,0,-111,69,20,0,-84,114,115,73,65,-21,69,0,21,43,72,71,2,-94,29,105,91,-17,26,0,-112,75,-22,41,-33,35,-44,20,115,64,19,-120,-128,57,6,-100,-43,20,110,119,1,82,-75,0,60,116,-94,-127,-46,-118,64,20,-76,-108,-76,0,81,69,20,0,81,69,20,0,82,-46,81,64,11,69,20,80,1,69,20,80,2,-47,73,75,64,5,20,81,64,5,20,81,64,-62,-106,-110,-118,0,90,41,40,-96,5,-94,-110,-118,0,90,41,40,-96,5,-94,-110,-118,0,40,-94,-118,0,40,-94,-118,0,-124,40,7,34,-98,-67,13,54,-98,-100,-26,-104,-118,-78,31,-99,-121,-67,48,85,-119,34,4,-25,-95,-88,89,10,-48,3,113,69,20,80,1,69,20,-108,0,-76,80,58,-46,-65,-34,-96,4,61,105,41,79,90,40,0,29,104,110,-90,-127,-42,-125,-44,-48,1,79,31,114,-103,79,-1,0,-106,116,0,-111,-3,-15,83,-98,-75,4,127,124,84,-25,-83,0,62,-118,40,-92,1,75,73,69,0,45,20,81,64,5,20,81,64,5,20,81,64,5,45,37,20,0,-76,81,69,0,20,81,69,0,45,20,-108,80,2,-47,69,20,12,40,-94,-118,0,40,-94,-118,0,40,-94,-118,0,40,-94,-118,0,40,-94,-118,0,40,-94,-118,0,40,-94,-118,0,-118,-107,91,105,-51,37,37,49,18,100,55,74,105,90,110,105,-63,-3,104,2,38,-120,118,-30,-94,100,43,-42,-82,96,30,-108,-62,-66,-76,1,93,122,26,109,74,-47,122,83,54,17,-41,-118,0,104,-21,74,-35,121,-92,-17,78,127,-67,64,13,61,104,-96,-11,-94,-128,1,-44,84,-51,16,60,-125,-125,80,-113,-68,41,-52,-28,-98,-76,0,-116,-116,-67,69,46,126,74,112,-108,-9,-26,-99,-124,127,99,64,12,-117,-17,-44,-57,-17,10,106,71,-76,-25,52,-17,-30,-92,3,-24,-94,-118,0,40,-94,-118,0,41,105,40,-96,5,-94,-110,-106,-128,10,40,-94,-128,10,40,-94,-128,10,90,74,90,0,40,-94,-118,0,40,-94,-118,0,40,-94,-118,6,45,20,-108,80,2,-47,69,20,0,81,69,20,0,81,69,20,0,81,69,20,0,81,69,37,0,20,81,69,0,70,1,35,32,82,84,-117,-2,-81,-118,99,122,-47,113,13,-94,-118,41,-128,-96,-111,-46,-98,24,30,-75,29,20,1,41,90,97,92,-11,-96,49,20,-16,-63,-88,2,-69,69,-3,-38,-115,-127,-49,34,-82,21,-90,21,-96,10,-89,-83,57,59,-45,-34,44,-100,-118,96,-7,73,4,80,2,15,-68,41,15,83,74,-65,120,82,30,-76,0,81,69,20,1,52,76,78,65,-89,-1,0,21,69,15,83,82,-113,-67,72,7,-47,73,75,64,5,20,81,64,5,20,81,64,5,20,81,64,5,45,37,20,0,-76,81,69,0,20,81,69,0,45,20,-108,-76,0,81,69,20,0,81,69,20,12,40,-94,-118,0,40,-94,-118,0,90,74,40,-96,2,-118,40,-96,2,-118,40,-96,5,-92,-94,-118,0,40,-94,-118,0,100,71,116,120,-92,110,-108,-60,37,27,29,-23,-52,115,-37,20,88,4,-94,-110,-118,98,22,-118,40,-96,2,-106,-110,-118,0,122,-71,29,121,-89,-116,55,74,-118,-127,-59,0,72,86,-104,-56,15,81,78,87,-11,-89,-32,17,-59,0,86,-14,-128,57,21,17,24,53,112,-83,49,-112,30,-94,-128,42,-46,-111,-118,123,68,71,78,105,-116,73,-32,-48,3,-31,-17,82,-81,-34,-88,-31,-24,106,69,-21,72,7,81,69,20,0,-76,81,69,0,20,81,69,0,20,81,69,0,20,81,69,0,45,20,81,64,5,20,81,64,5,20,81,64,11,69,20,-108,12,90,40,-94,-128,10,40,-94,-128,10,40,-94,-128,10,40,-94,-128,10,40,-94,-128,10,40,-94,-128,10,40,-94,-128,10,40,-94,-128,32,113,-67,67,-114,-76,-118,-7,-21,-42,-117,118,-50,80,-46,72,-101,92,-114,-57,-111,64,14,-94,-104,-116,115,-125,79,-90,2,-47,73,75,64,-126,-118,40,-96,5,-94,-110,-106,-112,5,40,36,116,-92,-94,-128,37,89,1,-21,78,42,15,74,-126,-100,-84,71,74,0,113,90,99,32,61,69,74,28,55,94,41,74,-48,4,1,66,-114,40,94,-90,-98,-61,20,-59,-17,64,14,-94,-118,40,0,-91,-92,-91,-96,2,-118,40,-96,2,-118,40,-96,2,-118,40,-96,5,-94,-110,-106,-128,10,40,-94,-128,10,40,-94,-127,-123,20,81,64,11,69,37,45,0,20,81,69,0,20,81,69,0,20,81,69,0,20,81,69,0,20,81,69,0,20,81,69,0,37,20,81,64,20,-47,-74,-80,62,-107,106,81,-71,3,14,-36,-43,58,-75,108,-37,-112,-87,-19,76,68,45,-44,48,-87,20,-126,41,25,112,74,-2,84,-40,-50,14,41,12,-110,-118,90,66,40,76,44,20,81,69,49,5,20,81,72,5,-94,-118,40,0,-91,-92,-94,-128,22,-100,-82,69,54,-118,0,-111,-104,50,-5,-44,96,81,75,64,5,20,81,64,5,45,37,45,0,20,81,69,0,20,81,69,0,20,81,69,0,20,-76,-108,80,2,-47,69,20,12,40,-94,-118,0,40,-94,-118,0,40,-94,-118,0,40,-94,-118,0,90,41,40,-96,5,-94,-110,-118,0,90,41,40,-96,5,-94,-110,-118,0,90,74,40,-96,2,-118,40,-96,10,52,-8,-97,100,-128,-10,-17,76,-94,-104,-117,115,-81,70,21,3,112,-39,-11,-87,-31,111,50,28,30,-94,-94,101,-32,-81,113,72,99,-44,-28,82,-44,81,55,106,-106,-92,98,26,41,105,-83,-59,52,2,-47,64,57,-91,-90,32,-94,-118,40,0,-94,-118,40,16,-76,81,69,0,20,-76,-108,-76,0,81,69,20,0,82,-46,82,-48,1,69,20,80,1,69,20,80,1,69,20,80,1,69,20,80,48,-91,-94,-118,0,40,-94,-118,0,40,-94,-118,0,40,-94,-118,0,40,-94,-118,0,40,-94,-118,0,40,-94,-118,0,40,-94,-118,0,40,-94,-118,0,40,-94,-118,0,40,-94,-118,0,-93,69,20,83,17,44,15,-78,65,-24,120,-87,102,92,54,-31,85,106,-30,31,54,30,122,-114,13,0,86,111,-107,-77,83,3,-111,81,-80,-56,35,-72,-94,51,-38,-91,-115,18,-45,91,-91,58,-102,-35,40,24,-38,118,-20,99,52,-38,73,58,10,98,37,-94,-95,71,35,-23,82,-126,8,-30,-128,22,-118,40,-96,5,-94,-110,-106,-128,10,40,-94,-128,22,-118,40,-96,2,-106,-110,-118,0,90,41,41,104,0,-94,-118,40,0,-94,-118,40,0,-94,-118,40,0,-94,-118,40,1,104,-92,-91,-96,2,-118,40,-96,2,-118,40,-96,2,-118,40,-96,2,-118,40,-96,2,-118,40,-96,2,-118,40,-96,2,-118,40,-96,2,-118,40,-96,2,-118,40,-96,10,52,81,69,49,5,77,110,-5,95,7,-95,-88,104,-96,11,50,-82,-42,-51,66,126,86,-85,32,-7,-79,3,-33,-67,64,-61,35,-36,82,25,32,57,-96,-116,-118,-114,51,-38,-92,-92,49,-108,-39,15,2,-92,-58,77,50,69,-64,-26,-102,17,29,40,36,28,-118,74,41,-120,-103,36,13,-41,-83,73,85,71,90,-107,28,-12,52,-122,75,69,39,90,90,0,40,-94,-118,0,90,40,-94,-128,10,40,-94,-128,10,90,74,40,1,104,-94,-118,0,40,-94,-118,0,40,-94,-118,0,40,-94,-118,0,40,-94,-118,0,90,41,41,104,0,-94,-118,40,0,-94,-118,40,0,-94,-118,40,0,-94,-118,40,0,-94,-118,40,0,-94,-118,40,0,-94,-118,74,0,40,-94,-118,0,-91,69,20,83,16,81,69,20,1,102,-41,-18,-75,53,-66,-15,-94,-118,67,35,79,-67,83,81,69,38,52,3,-83,71,39,122,40,-90,-124,-56,-24,-94,-118,98,1,-42,-98,-76,81,73,-115,18,37,62,-118,40,0,-94,-118,40,0,-91,-94,-118,0,40,-94,-118,0,40,-94,-118,0,90,40,-94,-128,10,40,-94,-128,10,40,-94,-128,10,40,-94,-128,10,40,-94,-128,10,40,-94,-128,10,40,-94,-128,22,-118,40,-96,2,-118,40,-96,2,-110,-118,40,1,104,-94,-118,0,74,40,-94,-128,10,40,-94,-128,10,40,-94,-128,63,-1,-39],"status":0}
1333321886636: about to execute HTTP POST
1333321887289: finished executing HTTP POST, get data
1333321887292: make input stream reader for data
1333321887294: Make new Gson
1333321887295: Returning cloud object
1333321887314: sendClientNewpic latency = 805
1333321887314: RETURN STATUS: 12
1333321923877: HI I'm in ONPAUSE()
1333321998685: HI I'm in ONRESUME()
1333321998691: SAMPLING_DISTANCE : 1, SAMPLING_DURATION : 1000
1333321998770: ************ GPS turned OFF *************
1333322074708: HI I'm in ONPAUSE()
1333326079364: HI I'm in ONRESUME()
1333326079372: SAMPLING_DISTANCE : 1, SAMPLING_DURATION : 1000
1333326079409: ************ GPS turned OFF *************
1333326083326: HI I'm in ONPAUSE()
