1333391833311: *** Opened log file for writing ***
1333391833312: *** Application started ***
1333391833312: HI I'm in ONRESUME()
1333391833320: SAMPLING_DISTANCE : 1, SAMPLING_DURATION : 1000
1333391833326: ************ GPS turned OFF *************
1333391856028: Please SET to a VAILD REGION first before taking picture
1333391864926: moving from region (-1,-1), to (1,0)
1333391868624: Picture successfully taken, ORIG BYTE LENGTH = 2541559
1333391869626: Our new height x width: 306 x 408
1333391869627: Show photo from handle my camera take
1333391869628: Show photo done 
1333391869628: client making photo packet to send to leader
1333391869647: BYTE SIZE AFTER COMPRESSION: 5625
1333391869648: Server request to url: http://hermes5.csail.mit.edu:8213/101/1/0/
1333391869799: gson string: {"debugstr":"today is pi day","photo_bytes":[-1,-40,-1,-32,0,16,74,70,73,70,0,1,1,0,0,1,0,1,0,0,-1,-37,0,67,0,80,55,60,70,60,50,80,70,65,70,90,85,80,95,120,-56,-126,120,110,110,120,-11,-81,-71,-111,-56,-1,-1,-1,-1,-1,-1,-1,-1,-1,-1,-1,-1,-1,-1,-1,-1,-1,-1,-1,-1,-1,-1,-1,-1,-1,-1,-1,-1,-1,-1,-1,-1,-1,-1,-1,-1,-1,-1,-1,-37,0,67,1,85,90,90,120,105,120,-21,-126,-126,-21,-1,-1,-1,-1,-1,-1,-1,-1,-1,-1,-1,-1,-1,-1,-1,-1,-1,-1,-1,-1,-1,-1,-1,-1,-1,-1,-1,-1,-1,-1,-1,-1,-1,-1,-1,-1,-1,-1,-1,-1,-1,-1,-1,-1,-1,-1,-1,-1,-1,-1,-1,-1,-1,-1,-1,-64,0,17,8,1,50,1,-104,3,1,34,0,2,17,1,3,17,1,-1,-60,0,31,0,0,1,5,1,1,1,1,1,1,0,0,0,0,0,0,0,0,1,2,3,4,5,6,7,8,9,10,11,-1,-60,0,-75,16,0,2,1,3,3,2,4,3,5,5,4,4,0,0,1,125,1,2,3,0,4,17,5,18,33,49,65,6,19,81,97,7,34,113,20,50,-127,-111,-95,8,35,66,-79,-63,21,82,-47,-16,36,51,98,114,-126,9,10,22,23,24,25,26,37,38,39,40,41,42,52,53,54,55,56,57,58,67,68,69,70,71,72,73,74,83,84,85,86,87,88,89,90,99,100,101,102,103,104,105,106,115,116,117,118,119,120,121,122,-125,-124,-123,-122,-121,-120,-119,-118,-110,-109,-108,-107,-106,-105,-104,-103,-102,-94,-93,-92,-91,-90,-89,-88,-87,-86,-78,-77,-76,-75,-74,-73,-72,-71,-70,-62,-61,-60,-59,-58,-57,-56,-55,-54,-46,-45,-44,-43,-42,-41,-40,-39,-38,-31,-30,-29,-28,-27,-26,-25,-24,-23,-22,-15,-14,-13,-12,-11,-10,-9,-8,-7,-6,-1,-60,0,31,1,0,3,1,1,1,1,1,1,1,1,1,0,0,0,0,0,0,1,2,3,4,5,6,7,8,9,10,11,-1,-60,0,-75,17,0,2,1,2,4,4,3,4,7,5,4,4,0,1,2,119,0,1,2,3,17,4,5,33,49,6,18,65,81,7,97,113,19,34,50,-127,8,20,66,-111,-95,-79,-63,9,35,51,82,-16,21,98,114,-47,10,22,36,52,-31,37,-15,23,24,25,26,38,39,40,41,42,53,54,55,56,57,58,67,68,69,70,71,72,73,74,83,84,85,86,87,88,89,90,99,100,101,102,103,104,105,106,115,116,117,118,119,120,121,122,-126,-125,-124,-123,-122,-121,-120,-119,-118,-110,-109,-108,-107,-106,-105,-104,-103,-102,-94,-93,-92,-91,-90,-89,-88,-87,-86,-78,-77,-76,-75,-74,-73,-72,-71,-70,-62,-61,-60,-59,-58,-57,-56,-55,-54,-46,-45,-44,-43,-42,-41,-40,-39,-38,-30,-29,-28,-27,-26,-25,-24,-23,-22,-14,-13,-12,-11,-10,-9,-8,-7,-6,-1,-38,0,12,3,1,0,2,17,3,17,0,63,0,-81,69,20,84,-108,20,81,69,32,10,40,-94,-127,-123,20,81,76,3,-67,45,37,45,32,18,-106,-101,-98,104,-17,76,66,-47,75,73,64,5,20,119,-94,-128,10,41,104,-96,2,-110,-106,-118,64,52,117,52,82,-29,-102,74,96,45,20,82,-46,0,-94,-118,67,64,-57,-25,-91,47,74,65,-44,82,-102,64,33,60,83,84,-4,-44,49,-49,2,-128,48,41,-128,-58,-28,-46,119,-91,-92,-18,42,-124,60,82,-81,-6,-63,-118,65,82,70,-65,-60,106,74,100,-107,12,-29,-26,6,-90,-88,-89,-19,73,110,38,68,-97,126,-111,-2,-11,57,71,-50,41,36,24,99,87,-44,-98,-125,77,42,-11,-92,-19,64,-21,76,11,2,-106,-102,-89,-118,117,100,104,20,82,-127,-102,112,24,-96,6,-124,-11,-89,-47,69,2,22,-118,40,-96,2,-85,-53,-61,-102,-79,80,76,62,106,104,76,-123,-70,-47,67,81,86,72,-6,40,-94,-111,65,69,20,80,1,69,20,82,0,-94,-118,41,-128,10,117,52,82,-26,-112,8,69,32,20,-71,52,-100,-6,-45,16,-22,74,76,81,-118,0,92,-118,51,73,-118,40,0,-49,-75,25,52,-76,80,2,115,71,-29,75,69,0,38,41,104,-94,-128,10,40,-94,-112,-59,-93,-67,37,42,-11,-96,5,-17,67,26,40,-96,4,3,3,38,-113,-31,-90,51,100,-46,-109,-123,2,-99,-124,20,-121,-88,-94,-112,-45,17,32,-28,-127,83,1,-118,-126,31,-67,82,-105,-57,-42,-91,-108,-121,22,0,84,103,-26,57,52,-96,22,60,-46,-66,21,113,-21,72,6,39,-34,-51,54,111,-67,74,58,-47,48,-24,106,-70,-117,-95,23,106,5,0,19,-46,-91,72,123,-73,-27,78,-30,-80,-24,-58,69,72,6,40,28,116,-91,-49,21,5,-123,45,49,121,36,-45,-23,0,81,69,20,0,-76,81,69,0,21,20,-35,69,75,81,-51,-48,83,64,87,106,40,110,-108,85,-94,24,-22,40,-94,-111,65,69,20,82,0,-94,-118,40,16,81,69,20,0,81,69,20,-64,40,-94,-118,0,40,-94,-118,0,40,-94,-118,0,40,-92,-56,-11,-93,112,-96,5,-94,-101,-68,80,27,38,-117,5,-57,81,69,20,0,81,69,20,0,82,-81,90,74,85,-17,72,98,-102,107,30,49,67,53,71,-102,105,9,-80,-89,118,-51,54,-114,-108,-60,45,39,122,74,41,-120,120,108,116,-96,49,-51,54,-105,-46,-112,-55,-124,-128,14,-108,-46,-59,-114,77,51,112,20,-46,73,-91,97,-36,126,-20,81,-126,-1,0,74,85,78,-26,-92,20,0,-118,-96,83,-23,41,105,12,90,15,-35,-94,-118,67,17,1,-49,-75,62,-112,12,82,-46,0,-91,-92,-91,-96,2,-118,40,-96,2,-103,47,-36,-89,-45,100,-27,13,0,86,110,-108,80,122,81,90,34,88,-76,81,70,71,-83,32,22,-110,-109,112,-92,-34,40,-80,92,117,20,-35,-2,-44,-101,-51,22,11,-113,-94,-93,-36,125,104,-55,-11,-89,97,92,-110,-109,35,-42,-93,-94,-117,5,-55,55,10,77,-12,-54,92,26,44,23,23,127,-75,38,-29,70,13,24,-89,97,92,50,125,105,41,113,70,41,-14,-80,-72,-108,82,-30,-118,44,2,82,-114,-76,81,73,-96,36,-94,-118,42,74,10,40,-94,-128,10,81,-9,105,-76,110,2,-128,16,-46,98,-126,-62,-115,-44,-60,24,-96,-46,100,-46,83,1,113,71,20,-108,-15,27,-73,69,52,8,109,25,53,40,-73,-112,-11,-64,-89,-117,95,86,-4,-88,2,-75,40,-21,86,-123,-70,15,83,85,88,97,-120,-9,-96,11,2,-118,69,110,5,45,65,98,-46,-46,10,11,-86,-11,52,0,-22,15,29,77,69,-25,18,-61,3,2,-110,110,28,26,44,23,39,29,41,105,23,-91,45,33,-123,45,37,45,0,20,81,69,32,10,70,-5,-90,-106,-125,-46,-128,42,-102,41,91,-87,-94,-84,68,52,83,-62,-118,118,-63,-38,-86,-60,17,82,-30,-91,10,61,41,-84,41,-40,6,96,-47,-125,79,20,-93,-102,118,21,-56,-10,-46,-123,-89,98,-108,123,-45,-78,21,-58,-19,20,98,-91,-38,59,83,122,26,0,110,41,41,-7,-11,20,-45,76,4,-93,-83,20,83,0,-92,-91,-94,-128,18,-118,40,-92,49,40,-59,47,106,109,67,24,-3,-64,10,77,-2,-44,8,-35,-70,41,-4,-86,65,111,33,-20,7,-44,-46,-80,92,-113,113,-92,-55,-11,-85,2,-41,-43,-65,42,120,-74,64,59,-102,44,23,41,-46,-128,79,64,77,94,88,-112,14,20,83,-62,-29,-45,20,-20,5,17,4,-121,-8,79,-29,82,11,87,61,72,21,115,20,98,-128,43,11,85,-18,-60,-45,-59,-68,99,-8,115,-11,-87,-88,-96,6,-124,3,-96,2,-105,20,-76,80,33,-72,-96,-118,90,40,1,-99,-22,-100,-61,18,-75,93,-86,-105,35,-9,-65,81,64,-62,49,-107,7,-46,-97,43,8,-50,58,-44,41,-61,10,-106,-28,103,105,-10,-88,-22,87,66,54,-111,-101,-66,5,50,-108,0,79,39,20,28,118,-51,80,-124,7,6,-89,-105,105,-63,45,-118,-126,-118,86,11,-106,-45,24,-30,-99,81,-62,126,90,-110,-95,-108,45,20,81,64,-62,-118,40,-92,1,75,73,75,64,21,-100,97,-115,20,-78,-113,-100,-47,84,34,49,79,83,77,20,-94,-75,51,30,69,68,-35,105,-7,-64,-90,-112,79,65,-102,0,109,45,56,70,-25,-8,77,56,66,-35,-56,31,-115,49,13,0,98,-109,-91,73,-75,71,89,7,-31,73,-70,17,-35,-115,23,11,8,-71,-89,113,77,-13,-93,29,19,63,83,73,-10,-125,-4,42,-94,-107,-57,97,-37,73,-24,9,-91,8,-57,-8,106,35,60,-121,-8,-79,77,46,-57,-85,31,-50,-117,-123,-119,-52,94,-91,69,55,108,99,-84,-125,-16,-88,40,-91,118,22,39,-52,35,-5,-51,73,-26,-58,58,71,-7,-44,52,81,113,-109,125,-95,-65,-123,84,126,21,25,98,-57,39,-83,54,-108,80,-73,1,127,-124,-48,-121,14,15,-67,40,-90,80,-9,2,-7,-49,106,118,56,-90,-58,114,-96,-6,-118,125,50,4,3,20,-76,-76,80,49,-85,79,20,-47,-44,-45,-121,74,67,14,-12,80,105,104,1,40,-91,-94,-128,18,-118,90,74,0,41,41,77,37,0,54,-85,-35,14,-122,-84,-9,-88,46,-121,-18,-63,-12,52,1,88,31,-104,85,-119,73,-14,65,21,88,85,-100,110,-73,57,56,-88,101,-94,-66,20,14,-71,52,40,7,57,56,-93,-95,-29,-102,82,-60,-16,122,122,83,16,-115,-73,-8,115,-8,-44,-119,26,-20,-36,-39,-6,83,21,-118,-125,-127,82,-58,75,35,3,-51,12,16,-79,48,61,6,42,90,-126,14,-90,-89,-87,101,33,104,-92,-91,-92,48,-94,-118,40,0,-91,-92,-91,-92,4,19,15,-104,81,78,-100,116,-94,-87,8,-113,-9,67,-85,-109,-12,-93,-52,-120,116,82,106,10,42,-56,38,-13,-64,-5,-88,5,33,-99,-49,76,10,-118,-118,0,121,-111,-49,86,52,-46,73,-22,105,40,-96,2,-118,40,-96,2,-118,40,-96,2,-118,40,-96,2,-118,40,-96,2,-118,40,-96,2,-108,82,81,64,15,29,105,-89,-87,-89,82,55,90,-87,9,22,-83,-50,98,30,-36,84,-43,90,-44,-4,-84,42,-51,8,76,90,40,-91,-96,6,-1,0,21,56,83,79,81,78,29,105,12,83,-46,-118,40,-12,-96,2,-118,90,74,0,41,13,6,-114,-44,0,82,82,-46,80,2,26,-114,113,-104,-102,-92,-92,113,-108,35,-38,-128,51,-86,-44,95,52,76,61,-86,-83,89,-74,61,-86,36,82,32,12,64,-64,-30,-100,6,-34,75,15,-91,13,-53,29,-57,24,-10,-90,-100,118,52,-64,118,89,-8,-89,41,49,-125,-56,-55,-9,-90,108,35,-85,1,-8,-46,0,73,-64,-26,-128,37,71,98,-36,-102,-98,-85,-94,48,96,72,-64,-85,3,-91,75,41,5,45,37,45,32,10,40,-94,-127,-123,45,20,82,2,57,-66,-19,20,-78,125,-61,69,82,17,74,-118,40,-85,32,40,-94,-118,0,40,-94,-118,0,40,-94,-118,0,40,-94,-118,0,40,-94,-118,0,40,-94,-118,0,40,-94,-118,0,40,-94,-118,0,120,-23,72,-3,-88,29,41,79,-35,-85,123,9,15,-75,63,-68,35,61,69,92,29,42,-124,39,18,-81,-42,-81,-118,72,76,90,90,40,-96,4,110,-108,-94,-125,-46,-111,122,10,6,62,-110,-114,-44,122,-46,1,105,-76,-76,-108,0,26,59,82,-10,-92,-96,2,-109,-67,45,20,0,-45,72,73,-57,2,-106,-112,-12,-96,12,-10,24,98,61,-22,107,99,-13,84,115,12,72,105,97,56,122,-106,82,22,101,11,33,-25,-65,74,104,96,7,-35,7,-21,82,92,124,-78,-28,119,21,31,-52,-12,45,-127,-119,-44,-13,78,-54,15,-69,-69,52,124,-85,-63,92,-97,-83,48,-13,-38,-128,28,-89,-112,125,-22,-46,-12,-86,-72,-6,-43,-108,-5,-76,-104,-48,-69,-88,-35,72,122,-47,72,98,-28,-47,-109,-21,73,69,32,22,-107,105,-76,-27,-21,64,-63,-71,83,69,41,-23,69,0,80,-94,-118,43,67,48,-94,-118,40,0,-94,-118,40,0,-94,-118,40,0,-94,-118,40,1,112,113,-46,-110,-100,-71,32,-127,77,-96,2,-118,40,-96,2,-118,40,-96,2,-118,40,-96,7,45,47,99,72,-121,6,-97,-114,120,-85,91,11,-87,24,56,32,-42,-118,-12,-6,-42,109,104,66,115,18,31,108,84,-96,100,-108,-76,-108,-76,-60,20,-43,-23,78,-90,-113,-68,69,3,29,-40,-47,64,-94,-112,7,106,41,125,105,40,0,-92,-91,20,-108,0,81,-34,-125,69,0,37,33,-17,75,73,64,20,-82,7,-49,-97,106,108,103,12,41,-13,-114,1,-88,-105,-88,-92,-58,-117,23,7,-123,-9,21,1,0,116,108,-2,21,98,81,-70,16,115,-116,85,113,-128,121,25,-87,69,48,0,-100,-32,102,-99,-71,-41,-114,-104,-92,45,-39,70,-33,-58,-128,-91,-122,119,15,-60,-45,16,-66,107,-97,-30,-87,-30,57,92,-102,-84,70,-45,-116,-125,-12,-87,-96,60,82,99,68,-121,-83,20,-83,73,72,97,69,20,80,1,74,58,-46,82,-114,-76,-128,117,20,81,72,101,10,41,64,-51,37,106,102,20,82,-29,-116,-46,80,1,69,40,25,56,-93,20,0,-108,81,69,0,20,81,69,0,57,14,26,-112,-116,26,7,90,87,-5,-44,0,-38,40,-94,-128,10,40,-94,-128,10,40,-94,-128,21,122,-44,-104,34,-93,94,8,-85,0,100,85,38,38,87,111,-68,106,-27,-87,-52,88,-12,53,86,81,-122,-87,-84,-49,-33,95,-58,-110,27,45,-46,-46,10,90,100,-123,52,-3,-6,117,53,-6,-125,72,99,-123,30,-76,82,-9,-96,3,-67,39,90,81,69,0,24,-92,-91,-92,-96,2,-118,76,-47,64,5,52,-11,-91,-92,52,1,94,-28,124,-89,-40,-43,97,87,39,25,67,-12,-86,84,49,-94,-47,-7,-83,-49,-75,65,-71,-79,-116,-15,83,-62,115,25,30,-43,7,7,-87,-63,-6,84,34,-104,-69,15,86,4,10,66,23,-79,52,-125,-81,90,92,-82,-29,-111,-102,98,27,83,64,106,38,42,122,12,83,-31,63,53,15,96,69,-122,-23,73,74,122,82,84,-108,20,81,69,0,20,81,69,32,31,69,2,-118,6,81,20,-108,-93,-83,7,-83,104,102,42,-14,15,63,-123,54,-107,70,78,40,60,26,0,7,90,113,-24,69,34,-29,7,52,-18,50,61,-59,0,71,69,20,80,1,79,11,-63,-56,-26,-103,82,15,95,81,64,17,-45,-101,-96,-90,-45,-13,-104,-15,-24,104,1,-108,82,-112,71,81,73,64,5,20,81,64,5,20,81,64,5,88,70,-30,-85,-44,-120,120,-90,-124,-59,-101,-100,26,91,83,-119,-121,-65,20,-113,-54,-102,100,103,108,-118,125,-24,123,-116,-47,94,-108,-22,104,-22,105,105,-110,58,-102,-1,0,118,-105,52,-41,117,-58,9,31,-99,33,-114,20,83,87,-18,-118,126,40,1,40,-49,56,-91,-94,-128,18,-116,82,-118,40,1,-93,-111,75,72,58,31,-83,45,48,18,-112,-45,-87,13,32,33,-108,100,-2,21,70,-76,28,100,85,23,24,114,61,-24,99,39,-74,61,-86,23,92,49,-57,52,-5,115,-122,-92,-105,43,43,96,-30,-93,-87,93,6,-126,-93,28,28,-3,104,44,-51,-57,92,-47,-122,108,-98,-76,-69,113,-4,64,31,122,98,26,65,-49,35,20,-79,-97,-100,80,89,-79,-126,78,41,23,-17,10,96,91,-19,77,-89,14,-108,-38,-126,-123,-94,-110,-106,-128,10,40,-94,-112,14,29,40,-96,116,-94,-127,-108,105,79,65,73,78,-2,26,-48,-52,65,-42,-122,28,-48,6,105,78,48,57,-96,4,3,38,-99,-37,-98,-58,-102,41,-40,60,-48,3,78,51,-57,74,74,121,-7,-79,76,-96,5,32,109,6,-108,30,7,63,-123,3,-108,34,-123,-24,104,1,27,-17,28,82,-87,-32,-125,67,-10,62,-76,-117,-116,-13,-46,-128,21,-77,-63,52,-38,121,-63,94,59,83,40,0,-94,-118,40,0,-94,-118,40,0,-87,35,-28,98,-93,-89,-57,-42,-102,1,-60,117,21,21,88,34,-96,60,19,67,18,47,-25,49,-122,29,-59,86,123,-119,50,64,32,125,5,79,1,-35,110,61,-72,-86,-110,-116,72,104,1,12,-114,-35,88,-97,-58,-112,28,16,105,41,105,12,-47,67,-107,-87,7,74,-126,3,-108,31,74,-103,79,20,-60,45,20,81,64,9,-21,69,29,-24,20,0,-99,-51,47,106,59,-46,80,1,72,105,123,82,26,0,107,116,53,74,97,-5,-61,87,-113,122,-91,62,119,2,104,96,-124,-124,-31,-22,75,-125,-13,-116,-12,34,-95,67,-122,21,60,-32,21,82,77,67,-36,-75,-79,7,31,-62,79,-29,73,-41,-83,59,24,63,50,-46,-18,3,-128,56,-9,-86,16,-101,84,-114,31,-13,20,-34,-122,-108,-112,123,98,-110,-127,22,-45,-18,-48,122,-45,98,57,90,113,-21,80,88,-108,81,69,0,45,20,-108,-76,-128,85,-94,-123,-94,-127,-108,-49,90,84,-18,40,110,-76,-125,-83,104,102,3,-81,52,-67,-114,41,15,90,94,61,112,40,1,-76,-15,-40,-46,16,54,-26,-127,-45,-81,74,0,94,-99,-69,-46,48,-63,-91,61,79,-67,35,116,6,-128,4,-18,40,95,-67,72,-89,6,-125,-61,115,64,14,60,-81,-29,77,28,26,113,-55,-50,56,7,-42,-103,64,18,99,59,-121,-29,81,-44,-125,-99,-68,-11,-90,30,-76,0,-108,81,69,0,20,81,69,0,20,-28,56,106,109,40,-21,64,19,-25,-118,-122,79,-68,106,65,-111,76,-109,-88,53,76,72,-79,104,126,70,30,-11,21,-64,-61,-46,-38,28,57,30,-94,-99,116,59,-46,25,3,99,11,-113,78,104,43,-14,6,-9,-91,-21,30,61,13,0,31,40,-6,3,72,11,22,-89,-27,-59,89,21,78,-44,-14,69,91,29,105,-120,117,45,39,106,40,1,13,3,-83,6,-118,0,83,73,-34,-125,72,104,1,105,9,-93,-67,33,-96,2,-85,93,15,-108,31,122,-79,81,92,12,-60,104,2,-96,-21,86,36,-26,16,125,13,86,-85,32,-109,1,-59,75,41,16,12,-98,1,-21,-38,-105,97,-55,-49,31,90,50,15,80,115,-21,73,-19,-98,41,-128,-20,-107,24,32,17,70,80,-10,35,-23,77,81,-100,-32,-113,-58,-126,10,-11,-92,5,-120,-79,-114,14,105,-60,84,80,-98,77,77,82,-54,67,104,-89,81,-127,64,13,-94,-99,-118,76,26,64,3,-83,20,14,-76,80,50,-77,-118,109,74,-30,-93,110,64,53,-95,-104,-121,-96,52,-68,-29,61,-123,39,106,7,76,80,2,-25,-126,48,104,94,-76,-71,-28,113,77,28,26,0,118,122,26,67,-45,-81,-31,75,-114,-66,-44,117,39,61,-59,0,50,-100,-35,115,72,-67,105,79,-35,-96,5,7,-89,-27,76,-89,15,-69,-37,-118,24,16,121,-96,5,7,-27,-6,80,71,7,-118,20,112,65,-18,41,122,-14,113,-56,-11,-96,8,-24,-89,17,-123,6,-101,64,5,20,81,64,5,20,81,64,19,47,43,77,113,-14,-46,-57,-46,-107,-57,-54,105,-12,16,-40,14,37,90,-79,112,50,-122,-86,41,-61,3,-24,106,-20,-97,50,-48,50,-102,-97,-107,-123,72,50,99,-4,41,-96,20,-109,25,28,-118,88,-2,-18,61,-23,0,64,113,39,-44,85,-32,106,-114,66,-56,-123,127,26,-72,-67,41,-127,32,-92,-94,-109,-79,-96,66,-109,73,69,20,0,-90,-109,-75,29,-88,-19,64,1,-92,52,30,-108,26,0,67,76,-112,102,54,30,-44,-6,107,114,40,2,-123,89,-121,-108,32,-6,85,115,-63,34,-90,-73,60,-30,-91,-20,82,35,-37,-97,-69,-7,26,50,-96,-14,-72,34,-121,82,24,-25,-118,77,-92,-113,90,0,9,7,-74,13,40,-37,-47,-77,-8,81,-76,-125,-110,55,1,65,-38,122,2,13,0,73,30,1,-31,-77,83,85,104,-8,97,86,41,49,-95,104,-94,-118,-110,-126,-106,-110,-118,0,90,41,40,-96,8,79,32,26,-120,-114,-94,-92,67,-108,-90,-72,-26,-76,51,26,69,34,-100,26,94,113,73,64,11,-50,58,112,41,27,-81,76,83,-128,-55,-21,72,-36,-127,64,10,57,35,-34,-128,122,123,82,15,-69,-12,52,-89,-100,-2,116,0,-34,-115,78,-50,119,82,56,-25,62,-76,-71,-24,79,-46,-128,17,115,-56,20,-31,-37,-36,83,7,-34,-89,113,-113,92,26,0,57,-64,35,-23,64,24,29,-122,13,7,-128,71,74,15,113,-102,0,15,-35,35,-48,-45,41,-8,30,-99,-87,-108,0,81,69,20,0,81,69,20,1,36,70,-97,-44,26,-119,14,13,73,-102,104,68,53,117,78,-24,65,-10,-86,109,-61,26,-75,110,115,14,61,41,33,-112,-72,33,-63,-50,104,94,25,-63,-26,-119,71,127,122,65,-2,-80,113,-44,80,2,-55,-116,2,6,57,-85,72,114,5,86,126,80,-5,10,-102,3,-108,31,74,96,78,13,2,-102,-76,-67,-24,16,81,-102,76,-47,64,14,-19,77,-10,-91,-92,52,0,-67,-87,59,82,-46,80,2,82,83,-87,-103,-50,105,-120,-87,40,-60,-115,-11,-89,67,-112,115,-38,-119,-58,36,-91,-120,-4,-75,12,-76,36,-92,-84,-121,-34,-104,79,60,12,84,-18,-118,-25,61,13,66,-47,-78,-11,-23,66,6,55,52,2,65,-56,-94,-118,98,30,-83,-110,50,7,-42,-84,14,-107,88,41,-19,-49,-46,-84,47,74,-106,82,22,-106,-110,-118,-110,-123,-94,-110,-106,-128,10,40,-94,-128,43,68,122,-118,87,28,102,-103,25,-61,10,-107,-70,26,-48,-52,-117,29,105,-76,-32,121,-23,72,104,1,65,-23,-46,-112,-98,-44,1,-100,-48,-44,0,12,115,-102,112,-28,-114,-44,-47,-41,-102,94,-40,-96,0,-29,30,-12,14,-103,-12,-93,-44,96,80,-67,-59,0,33,-21,78,-56,-25,-98,-76,-121,-112,41,71,65,-118,0,0,-23,-18,40,28,-29,-14,-91,29,7,-79,-93,-90,71,-95,-96,4,24,-29,-67,52,-11,-89,30,-1,0,-99,35,117,-96,6,-47,69,20,0,81,69,20,0,-93,-83,63,53,29,40,52,-45,16,-81,-41,53,53,-87,-5,-62,-95,60,-127,79,-73,56,-105,30,-76,-122,62,97,-128,122,84,93,-108,-26,-84,76,56,-86,-33,-64,125,-115,48,36,32,-14,48,15,-91,62,-40,-4,-72,-9,-88,-55,24,7,39,-112,41,96,56,98,40,2,-48,52,-29,-42,-104,58,-118,118,104,16,82,-46,102,-109,52,0,-22,74,105,112,58,-112,41,-122,116,31,-59,-102,0,-105,52,102,-85,-101,-111,-39,73,-90,27,-122,61,0,20,1,107,52,-52,-32,-100,-43,83,43,-97,-30,63,-123,52,-110,122,-102,46,22,36,-100,-126,70,8,52,67,-36,84,84,-8,-55,86,-49,106,-106,82,37,-89,6,-11,-90,-102,42,74,21,-93,86,-23,-63,-88,-102,50,-66,-30,-91,-89,6,-11,-94,-31,98,-81,74,-78,-121,43,67,70,-81,-56,-32,-48,-85,-73,-118,109,-36,73,88,117,20,-108,-75,37,5,20,81,64,5,20,81,64,20,-57,90,-103,-113,25,-88,106,85,-27,43,67,49,-121,-95,20,-124,98,-100,122,-15,-34,-101,-38,-128,1,-41,-102,94,-44,-104,-89,122,-5,-48,3,41,-1,0,-113,81,76,-89,14,-103,-96,1,71,35,61,-23,7,13,75,-56,-4,41,27,-83,0,41,-24,69,0,-16,69,46,63,81,77,83,-118,0,113,61,127,58,58,-97,-62,-109,119,74,76,-102,0,83,-45,62,-94,-112,-100,-46,81,64,5,20,81,64,5,20,-95,77,56,45,23,11,12,-91,-63,52,-16,0,-91,-91,113,-40,102,8,83,68,103,18,41,-9,-89,30,-122,-93,-95,3,46,74,50,-121,-42,-86,-25,110,-31,82,52,-7,24,11,-113,-58,-94,36,-109,-109,76,67,-41,5,127,49,66,-112,-78,103,-116,84,116,80,5,-93,58,14,-28,-45,77,-49,-94,-44,24,-93,20,92,44,72,103,115,-24,41,-122,71,61,88,-46,99,-118,118,-47,-118,46,22,25,75,-118,92,80,104,29,-125,105,-96,-82,41,-53,-46,-121,28,82,-72,88,101,20,118,-92,-90,33,105,-61,-46,-102,42,88,-30,-34,50,122,118,-92,-58,-121,70,55,41,-11,20,83,72,-40,-39,29,-87,51,-122,-87,40,-110,-118,92,124,-71,-92,-96,98,-46,-25,52,-38,90,64,45,20,81,64,5,45,37,20,0,-76,82,81,64,21,42,72,-113,81,76,97,-125,74,-121,13,90,25,-118,-36,26,111,82,113,79,122,110,104,0,94,-76,122,26,76,-47,-102,0,15,90,1,-32,-46,81,64,14,-51,33,57,-92,-94,-128,10,41,112,105,118,-48,3,104,-89,-32,82,-46,-72,-20,51,105,-91,-37,78,-94,-117,-114,-62,96,82,-47,69,32,10,40,-94,-128,10,40,-94,-128,22,-104,87,-46,-97,69,0,51,105,-91,-40,41,-44,81,112,-80,-46,0,-19,73,-102,117,33,-21,76,4,52,123,-102,90,74,4,39,83,82,14,-100,83,49,73,-102,0,113,-92,-19,70,73,-92,-96,7,41,-59,43,48,34,-103,-118,93,-76,0,-108,-108,-3,-76,-69,69,23,11,9,26,-18,112,42,-40,-32,96,85,92,99,-91,78,-115,-67,125,-59,76,-118,65,34,-28,100,84,12,42,-43,69,34,-32,-5,82,76,108,68,96,99,34,-103,-72,-83,9,-61,98,-122,95,-106,-88,67,-43,-61,125,105,-43,91,-67,74,-114,115,-125,67,66,76,-110,-118,40,-87,40,90,41,41,104,0,-94,-118,40,2,-69,-114,-122,-103,82,63,43,81,-43,-94,24,-91,-119,-92,-94,-100,20,-45,16,-38,41,-37,104,-59,0,38,40,-59,59,20,96,-46,-72,-20,38,5,45,37,20,0,-76,-76,-38,90,6,20,-76,-108,82,1,104,-92,-91,-96,2,-118,40,-96,2,-118,40,-96,2,-118,40,-96,5,-94,-110,-118,0,90,40,-94,-128,10,70,-91,20,-115,64,9,73,69,20,-64,78,-76,81,-118,13,49,10,-84,2,-111,78,62,-66,-76,-43,-95,-119,-50,41,0,-22,76,-118,111,36,-47,-74,-128,28,27,52,-71,-90,-127,78,-59,3,18,-100,-116,85,-77,73,-118,94,-12,-122,89,7,34,-93,-111,-5,10,106,-71,3,20,-124,-19,-23,83,97,-115,81,-13,102,-108,-100,-116,82,-25,35,-127,-118,105,28,-45,16,-62,48,-40,-87,0,-61,83,24,113,-98,105,80,-13,-125,77,-119,18,-48,13,29,-87,49,82,80,-22,41,-71,-59,56,26,0,40,-94,-118,0,-124,-12,-90,14,-76,81,86,-120,99,-59,20,81,72,-95,40,-94,-118,100,-114,-92,-94,-118,69,5,54,-118,41,-119,-123,20,81,64,-126,-106,-118,40,24,82,-47,69,32,10,40,-94,-128,10,40,-94,-128,10,40,-94,-128,10,40,-94,-128,22,-118,40,-96,2,-111,-70,81,69,0,54,-100,-76,81,76,4,52,-54,40,-95,9,-114,29,41,-76,81,64,14,94,-76,-13,-42,-118,40,96,-124,-91,-94,-118,67,10,40,-94,-127,-118,41,13,20,80,2,-89,74,15,74,40,-92,1,-4,45,76,94,-94,-118,41,-120,-101,-75,32,-94,-118,-110,-125,-67,2,-118,40,1,-44,81,69,0,127,-1,-39],"status":0}
1333391869801: about to execute HTTP POST
1333391872652: finished executing HTTP POST, get data
1333391872654: make input stream reader for data
1333391872656: Make new Gson
1333391872660: Returning cloud object
1333391872701: sendClientNewpic latency = 3053
1333391872702: RETURN STATUS: 12
1333392113704: HI I'm in ONPAUSE()
