1331841926203: *** Opened log file for writing ***
1331841926203: *** Application started ***
1331841926203: HI I'm in ONRESUME()
1331841926206: SAMPLING_DISTANCE : 1, SAMPLING_DURATION : 1000
1331841931322: moving from region (-1,-1), to (1,0)
1331841945766: Picture successfully taken, ORIG BYTE LENGTH = 1243896
1331841946709: Our new height x width: 240 x 320
1331841946709: Show photo from handle my camera take
1331841946709: Show photo done 
1331841946710: client making photo packet to send to leader
1331841946731: BYTE SIZE AFTER COMPRESSION: 3335
1331841946731: Server request to url: http://128.30.87.130:6212/101/1/0/
1331841946893: gson string: {"debugstr":"today is pi day","photo_bytes":[-1,-40,-1,-32,0,16,74,70,73,70,0,1,1,0,0,1,0,1,0,0,-1,-37,0,67,0,80,55,60,70,60,50,80,70,65,70,90,85,80,95,120,-56,-126,120,110,110,120,-11,-81,-71,-111,-56,-1,-1,-1,-1,-1,-1,-1,-1,-1,-1,-1,-1,-1,-1,-1,-1,-1,-1,-1,-1,-1,-1,-1,-1,-1,-1,-1,-1,-1,-1,-1,-1,-1,-1,-1,-1,-1,-1,-1,-37,0,67,1,85,90,90,120,105,120,-21,-126,-126,-21,-1,-1,-1,-1,-1,-1,-1,-1,-1,-1,-1,-1,-1,-1,-1,-1,-1,-1,-1,-1,-1,-1,-1,-1,-1,-1,-1,-1,-1,-1,-1,-1,-1,-1,-1,-1,-1,-1,-1,-1,-1,-1,-1,-1,-1,-1,-1,-1,-1,-1,-1,-1,-1,-1,-1,-64,0,17,8,0,-16,1,64,3,1,34,0,2,17,1,3,17,1,-1,-60,0,31,0,0,1,5,1,1,1,1,1,1,0,0,0,0,0,0,0,0,1,2,3,4,5,6,7,8,9,10,11,-1,-60,0,-75,16,0,2,1,3,3,2,4,3,5,5,4,4,0,0,1,125,1,2,3,0,4,17,5,18,33,49,65,6,19,81,97,7,34,113,20,50,-127,-111,-95,8,35,66,-79,-63,21,82,-47,-16,36,51,98,114,-126,9,10,22,23,24,25,26,37,38,39,40,41,42,52,53,54,55,56,57,58,67,68,69,70,71,72,73,74,83,84,85,86,87,88,89,90,99,100,101,102,103,104,105,106,115,116,117,118,119,120,121,122,-125,-124,-123,-122,-121,-120,-119,-118,-110,-109,-108,-107,-106,-105,-104,-103,-102,-94,-93,-92,-91,-90,-89,-88,-87,-86,-78,-77,-76,-75,-74,-73,-72,-71,-70,-62,-61,-60,-59,-58,-57,-56,-55,-54,-46,-45,-44,-43,-42,-41,-40,-39,-38,-31,-30,-29,-28,-27,-26,-25,-24,-23,-22,-15,-14,-13,-12,-11,-10,-9,-8,-7,-6,-1,-60,0,31,1,0,3,1,1,1,1,1,1,1,1,1,0,0,0,0,0,0,1,2,3,4,5,6,7,8,9,10,11,-1,-60,0,-75,17,0,2,1,2,4,4,3,4,7,5,4,4,0,1,2,119,0,1,2,3,17,4,5,33,49,6,18,65,81,7,97,113,19,34,50,-127,8,20,66,-111,-95,-79,-63,9,35,51,82,-16,21,98,114,-47,10,22,36,52,-31,37,-15,23,24,25,26,38,39,40,41,42,53,54,55,56,57,58,67,68,69,70,71,72,73,74,83,84,85,86,87,88,89,90,99,100,101,102,103,104,105,106,115,116,117,118,119,120,121,122,-126,-125,-124,-123,-122,-121,-120,-119,-118,-110,-109,-108,-107,-106,-105,-104,-103,-102,-94,-93,-92,-91,-90,-89,-88,-87,-86,-78,-77,-76,-75,-74,-73,-72,-71,-70,-62,-61,-60,-59,-58,-57,-56,-55,-54,-46,-45,-44,-43,-42,-41,-40,-39,-38,-30,-29,-28,-27,-26,-25,-24,-23,-22,-14,-13,-12,-11,-10,-9,-8,-7,-6,-1,-38,0,12,3,1,0,2,17,3,17,0,63,0,79,37,-88,-14,90,-99,-71,-1,0,-67,70,-9,-11,-90,33,-66,83,122,126,-76,21,33,112,71,52,-19,-17,-21,64,98,-57,-102,0,-115,42,92,83,99,24,114,42,125,-71,-92,4,120,-93,21,38,-54,54,-48,4,88,-90,-7,-101,56,-58,106,98,-93,6,-85,75,-61,80,3,-4,-1,0,-10,127,90,79,-76,127,-77,-6,-44,84,-108,-64,-101,-49,31,-35,-92,-13,-105,-5,-75,22,40,29,104,2,97,34,-97,-31,-92,126,-107,24,56,-87,58,-88,-92,2,10,90,92,81,-118,67,18,-108,81,-118,49,64,17,-55,-38,-102,41,-20,-71,-90,-20,-90,3,40,-89,-20,-9,-92,-39,-17,64,13,-89,39,52,108,-9,-91,3,20,0,-81,-42,-101,65,57,52,-108,-128,118,104,6,-101,70,104,1,-52,112,42,58,121,57,-94,-104,12,-94,-100,105,51,64,9,78,20,-38,92,-48,1,-44,-48,105,71,74,58,-3,40,1,7,3,-36,-47,72,105,-61,-127,-97,-54,-128,44,81,86,-74,-118,54,15,74,98,42,115,-24,104,82,119,116,53,107,-53,95,74,12,75,64,16,-96,-3,-24,62,-94,-89,-59,10,-127,79,20,-22,67,27,69,58,-116,80,3,42,35,16,61,106,98,40,-59,0,65,-28,-113,74,79,36,123,84,-28,82,26,0,-125,-55,30,-44,-98,80,-87,-115,37,0,67,-27,10,112,92,83,-23,40,1,49,70,41,104,4,82,1,49,70,-38,125,28,80,50,50,41,-124,84,-83,-118,-120,-48,33,-76,-122,-106,-112,-48,49,41,41,104,-96,4,-92,-91,-59,24,-96,4,-94,-105,20,98,-127,9,69,24,-93,20,0,26,109,59,20,98,-104,13,-91,2,-100,23,-65,106,27,-98,-108,0,-34,-76,30,56,-91,28,10,77,-90,-128,0,51,-12,-96,-100,-46,-111,-58,5,0,18,104,3,83,35,-42,-109,34,-85,-110,105,50,104,17,103,114,-6,-46,111,30,-75,88,-109,73,-109,64,22,-68,-59,-92,-13,7,106,-83,-109,64,-55,61,113,64,22,-117,-29,-83,5,-57,106,-123,84,-106,0,-109,82,24,70,56,39,52,12,60,-47,-23,77,105,112,51,77,0,103,12,13,18,-94,-20,-54,-114,-12,8,67,61,33,-101,53,22,41,49,64,18,25,77,33,-112,-102,102,40,-59,0,59,121,-91,12,73,-24,105,-104,-87,-83,-72,45,64,-58,-28,-6,81,-49,-91,89,42,15,97,76,40,-66,-108,1,14,77,3,113,-23,82,20,30,-12,40,-38,-76,1,30,-42,-93,103,-67,62,-118,67,-79,25,79,122,79,44,-6,-44,-108,80,22,35,-14,-3,-23,60,-65,122,121,96,14,13,38,-15,64,9,-27,-5,-46,121,99,-44,-45,-73,-118,77,-62,-128,27,-113,-101,20,96,96,-47,-98,79,-67,47,112,41,-120,76,10,8,-91,-22,115,64,-11,-96,4,-64,-90,58,-9,20,-15,69,0,69,73,78,101,-63,-10,-90,-48,2,-98,105,-23,-24,122,-102,-116,82,-98,121,-96,9,-74,10,77,-93,56,-92,70,36,0,122,-45,-56,-30,-104,-117,62,73,-11,-93,-55,62,-75,35,-110,6,69,51,123,80,3,124,-125,-3,-22,60,-125,-3,-31,75,-67,-67,104,-36,-34,-76,1,27,68,84,-29,34,-112,41,7,53,33,57,-21,73,64,4,103,15,-49,74,-98,-96,-87,81,-78,49,-36,82,0,100,13,-11,-11,-88,-114,80,-32,-44,-12,16,8,-63,-96,8,-61,-118,118,105,-115,17,28,-81,-27,76,15,-125,-125,-42,-104,19,-47,81,-121,-91,-35,64,14,-94,-109,52,102,-128,10,67,70,105,9,-96,6,51,28,-32,82,-98,-104,-90,40,-53,-110,123,83,-115,75,41,9,69,45,20,-122,37,33,-91,39,2,-101,76,76,99,-12,-51,50,-91,-58,115,81,-45,16,-38,41,123,82,30,-108,0,-27,-19,-12,-91,-19,-11,-92,94,64,-89,119,-10,20,0,-98,-44,99,-75,30,-12,116,-96,66,30,40,-91,-92,-92,80,99,34,-94,35,6,-90,-92,97,-111,64,16,-46,-125,71,74,74,98,28,125,69,72,-113,-111,-49,90,-120,26,83,-98,49,-46,-127,26,111,-9,77,67,83,-73,-35,53,5,48,10,40,-94,-128,10,40,-94,-128,25,-68,-1,0,116,-46,-85,-112,115,-73,20,-35,-89,-44,-46,-128,125,73,-96,11,64,-28,100,81,81,35,109,-6,84,-67,105,12,41,25,85,-66,-16,-51,45,20,1,17,-124,-1,0,11,126,6,-93,33,-41,-86,-97,-61,-102,-77,69,2,42,-7,-126,-105,-52,30,-94,-84,16,15,80,15,-42,-93,48,-58,127,-124,83,2,63,51,-34,-102,100,30,-75,33,-73,-113,-48,-2,116,-97,102,79,122,67,1,-9,115,-21,69,46,-46,56,0,-32,82,109,62,-122,-112,-62,-118,93,-89,-46,-109,-100,113,-45,-7,-48,3,9,-55,-93,20,-42,56,60,113,77,-36,125,104,-72,18,84,108,48,104,-36,105,51,69,-59,97,15,52,-104,-56,-91,-49,-46,-116,-47,113,-118,-68,1,-125,-98,-76,-89,-46,-101,70,79,-83,23,21,-121,30,-72,20,30,-76,-36,-102,74,46,22,31,73,73,-102,5,3,22,-106,-110,-118,0,107,-82,105,-107,45,49,-41,-67,0,50,-108,26,40,-90,35,90,-96,61,106,122,-123,-66,-15,-96,67,104,-94,-112,-80,-90,2,-47,77,47,-23,73,-110,104,1,-12,-101,-128,-88,-7,-12,52,97,-65,-70,105,0,-30,-2,-126,-97,27,-80,60,-14,13,66,14,105,-21,-115,-93,-116,-48,50,-48,57,28,81,80,43,21,-24,13,74,-82,27,-21,-23,64,14,-94,-118,40,16,82,81,69,0,37,20,82,83,1,105,40,-94,-128,16,-12,-90,50,-114,121,63,-99,60,-46,31,-13,-6,-44,61,-54,34,-107,71,-34,-4,-22,19,-63,-85,39,-100,-125,-24,106,-69,12,28,30,-36,80,3,104,-94,-118,0,41,40,-91,-96,2,-110,-118,40,0,-94,-118,40,0,-94,-118,40,1,65,-91,-90,-118,90,96,45,20,81,64,17,-80,-63,-92,-87,113,-111,81,-111,-125,64,-115,90,-122,96,65,-49,99,83,83,93,119,41,20,-64,-85,69,41,-92,-90,33,41,71,6,-110,-118,0,115,99,61,77,11,-116,-114,77,38,-29,-21,73,-68,-6,-48,3,64,-59,46,113,73,-100,-45,-121,-36,60,-127,-17,-118,67,27,-102,51,-125,73,-109,-1,0,61,63,74,86,-24,-89,57,-9,-96,9,22,118,31,123,-111,83,44,-56,-35,-15,-11,-86,116,80,5,-2,-76,-107,81,91,96,-21,-113,-91,60,74,79,70,-51,0,88,-92,-88,-68,-45,-36,10,60,-33,106,0,-110,-126,113,81,25,79,-91,39,-102,-57,-96,20,1,46,115,72,127,-49,-21,75,72,106,6,7,-87,-6,84,50,-113,-100,-5,-116,-2,85,55,-7,-3,106,57,-79,-128,125,13,52,5,122,41,72,-63,-92,-96,2,-106,-110,-106,-128,18,-118,90,74,0,41,41,104,-96,4,-91,-92,-94,-128,10,81,73,64,-90,3,-87,105,40,-96,5,-92,97,-111,75,70,125,-24,3,70,-118,40,-90,34,-68,-53,-122,-49,-83,71,86,100,93,-56,125,106,-75,49,9,69,45,37,0,4,112,8,11,-8,-102,76,31,-10,63,58,119,24,-63,25,-92,-29,-5,-94,-112,8,71,-51,-8,80,56,-89,16,118,-25,28,10,-113,39,-48,80,49,-39,-6,126,84,54,118,-28,-111,-12,-90,54,115,-38,-112,-109,-57,74,0,58,-125,77,-11,-26,-100,62,-23,-23,73,-36,-14,40,16,3,-18,105,51,-24,77,40,-21,-44,81,-8,-48,48,-36,