1331841715577: *** Opened log file for writing ***
1331841715577: *** Application started ***
1331841715577: HI I'm in ONRESUME()
1331841715579: SAMPLING_DISTANCE : 1, SAMPLING_DURATION : 1000
1331841755652: Please SET to a VAILD REGION first before taking picture
1331841757628: moving from region (-1,-1), to (1,0)
1331841774553: Picture successfully taken, ORIG BYTE LENGTH = 1035541
1331841775351: Our new height x width: 240 x 320
1331841775352: Show photo from handle my camera take
1331841775352: Show photo done 
1331841775352: client making photo packet to send to leader
1331841775365: BYTE SIZE AFTER COMPRESSION: 3582
1331841775365: Server request to url: http://128.30.87.130:6212/101/1/0/
1331841775497: gson string: {"debugstr":"today is pi day","photo_bytes":[-1,-40,-1,-32,0,16,74,70,73,70,0,1,1,0,0,1,0,1,0,0,-1,-37,0,67,0,80,55,60,70,60,50,80,70,65,70,90,85,80,95,120,-56,-126,120,110,110,120,-11,-81,-71,-111,-56,-1,-1,-1,-1,-1,-1,-1,-1,-1,-1,-1,-1,-1,-1,-1,-1,-1,-1,-1,-1,-1,-1,-1,-1,-1,-1,-1,-1,-1,-1,-1,-1,-1,-1,-1,-1,-1,-1,-1,-37,0,67,1,85,90,90,120,105,120,-21,-126,-126,-21,-1,-1,-1,-1,-1,-1,-1,-1,-1,-1,-1,-1,-1,-1,-1,-1,-1,-1,-1,-1,-1,-1,-1,-1,-1,-1,-1,-1,-1,-1,-1,-1,-1,-1,-1,-1,-1,-1,-1,-1,-1,-1,-1,-1,-1,-1,-1,-1,-1,-1,-1,-1,-1,-1,-1,-64,0,17,8,0,-16,1,64,3,1,34,0,2,17,1,3,17,1,-1,-60,0,31,0,0,1,5,1,1,1,1,1,1,0,0,0,0,0,0,0,0,1,2,3,4,5,6,7,8,9,10,11,-1,-60,0,-75,16,0,2,1,3,3,2,4,3,5,5,4,4,0,0,1,125,1,2,3,0,4,17,5,18,33,49,65,6,19,81,97,7,34,113,20,50,-127,-111,-95,8,35,66,-79,-63,21,82,-47,-16,36,51,98,114,-126,9,10,22,23,24,25,26,37,38,39,40,41,42,52,53,54,55,56,57,58,67,68,69,70,71,72,73,74,83,84,85,86,87,88,89,90,99,100,101,102,103,104,105,106,115,116,117,118,119,120,121,122,-125,-124,-123,-122,-121,-120,-119,-118,-110,-109,-108,-107,-106,-105,-104,-103,-102,-94,-93,-92,-91,-90,-89,-88,-87,-86,-78,-77,-76,-75,-74,-73,-72,-71,-70,-62,-61,-60,-59,-58,-57,-56,-55,-54,-46,-45,-44,-43,-42,-41,-40,-39,-38,-31,-30,-29,-28,-27,-26,-25,-24,-23,-22,-15,-14,-13,-12,-11,-10,-9,-8,-7,-6,-1,-60,0,31,1,0,3,1,1,1,1,1,1,1,1,1,0,0,0,0,0,0,1,2,3,4,5,6,7,8,9,10,11,-1,-60,0,-75,17,0,2,1,2,4,4,3,4,7,5,4,4,0,1,2,119,0,1,2,3,17,4,5,33,49,6,18,65,81,7,97,113,19,34,50,-127,8,20,66,-111,-95,-79,-63,9,35,51,82,-16,21,98,114,-47,10,22,36,52,-31,37,-15,23,24,25,26,38,39,40,41,42,53,54,55,56,57,58,67,68,69,70,71,72,73,74,83,84,85,86,87,88,89,90,99,100,101,102,103,104,105,106,115,116,117,118,119,120,121,122,-126,-125,-124,-123,-122,-121,-120,-119,-118,-110,-109,-108,-107,-106,-105,-104,-103,-102,-94,-93,-92,-91,-90,-89,-88,-87,-86,-78,-77,-76,-75,-74,-73,-72,-71,-70,-62,-61,-60,-59,-58,-57,-56,-55,-54,-46,-45,-44,-43,-42,-41,-40,-39,-38,-30,-29,-28,-27,-26,-25,-24,-23,-22,-14,-13,-12,-11,-10,-9,-8,-7,-6,-1,-38,0,12,3,1,0,2,17,3,17,0,63,0,-102,-118,40,-96,2,-118,40,-96,2,-118,40,-96,2,-118,40,-96,2,-118,40,-96,2,-118,40,-96,2,-125,69,20,1,85,-120,43,-116,115,77,-59,56,-114,-65,90,104,-55,-23,72,98,109,-93,20,102,-105,29,40,11,0,-87,98,-109,105,-63,-23,76,-59,21,68,-109,-109,-125,-72,83,-125,6,53,92,18,41,11,-107,25,-91,97,-36,-77,65,-86,-21,62,122,-44,-127,-14,122,-48,3,-6,83,95,-111,75,-100,-46,55,-35,52,1,11,28,10,-116,82,-79,-55,-92,-92,49,104,-94,-110,-112,11,69,20,80,1,69,20,83,0,-94,-118,40,0,-94,-118,40,1,41,104,-92,-96,11,-12,81,69,49,5,20,81,64,5,20,81,64,9,69,45,20,0,-108,82,-47,64,9,69,20,80,1,69,20,80,4,45,25,-10,-21,72,99,110,-43,49,-92,-96,10,-26,54,-12,-92,42,71,90,-77,77,117,-36,49,72,119,43,-28,-47,-72,-44,-122,35,-21,77,49,26,98,25,-65,-38,-111,-101,34,-107,-105,111,90,97,52,0,-108,6,35,-95,-94,-110,-128,30,37,97,-34,-90,-115,-53,-87,-51,86,-85,16,113,25,-6,-48,4,-126,5,43,-112,72,-88,-52,120,-17,86,-79,-120,-119,-12,-86,114,72,78,49,64,11,-80,-45,72,-57,90,4,-68,96,-118,99,54,-22,67,29,-111,70,105,-108,-108,88,9,40,-88,-13,75,-109,-21,69,-128,-110,-110,-103,-72,-46,-18,-96,7,81,73,-70,-100,50,123,80,2,82,-127,-21,78,11,75,-118,64,91,-94,-106,-118,-95,9,69,20,80,1,69,20,80,1,69,20,80,1,69,20,80,1,69,20,80,2,81,75,69,0,37,37,45,20,0,-104,-92,-89,82,30,5,0,69,36,-127,62,-75,93,-27,102,-17,-127,-19,72,-20,89,-119,52,-38,0,74,42,100,64,83,119,95,90,10,-91,49,17,-128,49,-109,64,-57,112,105,-51,-45,0,113,77,3,-98,104,0,-64,-19,82,66,-40,59,113,-63,-92,84,5,-122,72,-59,74,-79,13,-37,-108,-16,41,12,-76,-1,0,-22,-97,-23,89,-22,119,103,-40,85,-55,36,-60,123,71,83,80,108,-38,-71,-10,-95,-126,32,61,105,8,-59,72,-61,35,52,-62,-39,52,-122,54,-118,90,41,-120,74,92,81,75,-58,104,1,-76,-67,105,-30,60,-44,-87,16,94,79,90,0,100,113,-9,53,41,-95,-104,47,90,105,97,-38,-112,-62,-118,51,69,32,45,-47,69,21,66,10,40,-94,-128,18,-118,90,40,1,40,-94,-118,0,40,-91,-92,-96,2,-118,40,-96,2,-118,40,-96,2,-118,40,-96,4,-88,-25,59,99,53,45,87,-70,63,40,30,-12,1,90,-110,-106,-110,-128,37,-124,63,37,6,71,113,74,84,-114,-79,-102,-98,-52,98,60,-6,-102,-79,-118,98,-71,-99,-57,-72,-93,3,-5,-43,-93,-73,61,64,-86,-78,-107,23,24,-38,58,80,4,24,61,114,14,42,-36,88,-37,-38,-85,-74,-34,-104,20,-95,88,-116,-85,98,-112,-55,-91,-58,-27,61,-22,54,-50,-46,104,80,-28,-4,-28,28,82,-65,-36,52,-104,-47,93,-13,-74,-93,21,35,-3,-54,-116,80,12,90,40,-94,-104,-126,-108,81,78,-116,101,-123,0,78,-125,2,-99,69,33,56,20,-122,69,33,-26,-103,-44,123,-118,82,114,105,61,-5,-118,98,16,61,72,-89,53,27,15,-30,29,15,-23,66,30,105,1,-93,69,20,83,0,-94,-118,40,0,-94,-118,40,0,-94,-118,40,0,-94,-118,40,0,-94,-118,40,0,-94,-118,40,1,40,-94,-118,0,42,-67,-48,-7,65,-9,-85,21,28,-119,-67,8,-96,10,52,83,-38,39,7,24,-51,55,105,-50,8,-96,11,-16,97,33,4,-16,49,-102,120,-111,77,0,15,44,10,102,62,110,41,-110,77,-98,51,84,24,121,-116,-52,15,57,-85,-110,54,-40,-104,-5,85,34,84,38,49,-125,73,-115,2,46,-26,2,-89,69,-38,118,-83,65,25,-38,-39,-57,74,-79,30,14,88,116,52,-104,-60,-108,-19,28,10,99,-25,103,-42,-119,-37,-112,41,29,-78,-108,-122,68,-1,0,118,-94,21,35,1,-116,-118,103,122,-96,98,-46,81,69,2,22,-92,-121,-17,84,85,44,31,120,-48,4,-12,-55,14,5,62,-95,-112,-27,-87,33,-116,-94,-118,0,-55,-90,33,27,-123,-57,-83,39,106,92,22,57,-91,-37,-57,61,104,3,66,-118,40,-96,2,-108,12,-46,83,-59,0,49,-127,28,-118,85,57,30,-12,-6,48,41,0,-52,26,76,31,106,-109,20,-57,28,80,2,96,-5,81,-49,-91,39,52,115,64,13,119,43,-38,-103,-25,-114,-30,-122,-21,81,14,88,-45,2,127,52,122,82,121,-61,-48,-44,64,96,81,74,-29,37,50,-116,-5,82,-119,23,-42,-85,-55,-64,20,-126,-117,-123,-117,91,-41,-5,-62,-109,112,53,92,28,26,107,-97,-102,-117,-123,-117,39,-102,107,46,121,29,106,12,-102,55,31,83,69,-62,-59,-95,41,3,-107,-4,-115,47,-100,-93,-86,-111,-8,85,93,-19,-21,82,-63,-105,126,121,2,-99,-59,97,-14,-80,112,20,103,39,-38,-95,-110,34,42,-55,31,-67,-23,-58,40,113,-14,-48,-63,16,66,-68,100,-9,-87,19,11,-57,76,-46,82,117,-87,24,-37,-127,-56,52,-45,-9,64,-89,-69,13,-104,52,-63,-50,51,-38,-112,-58,50,21,25,-22,41,-97,41,-85,25,-88,-28,81,-41,21,87,36,-113,3,-42,-109,111,-67,59,2,-110,-104,-60,-38,105,-47,100,56,-95,113,-34,-127,-9,-72,-96,11,12,112,42,12,18,106,114,55,10,60,-70,18,17,26,-88,-57,34,-109,60,-32,84,-90,62,71,53,1,24,-112,-118,98,31,76,61,105,-30,-122,20,-64,-71,69,20,84,-116,81,-42,-100,41,-93,-83,60,80,2,-47,69,20,0,81,69,20,0,-108,82,-47,64,21,-97,-17,26,-124,15,-68,106,-52,-85,-125,-98,-58,-85,-80,-37,-97,122,0,99,62,62,-76,43,-28,-32,-48,-56,78,8,-95,80,-18,-55,-92,48,-105,-75,34,-46,-55,-44,82,10,64,56,12,-102,-114,79,-65,82,96,-116,19,81,-65,-33,52,0,-94,-118,0,62,-108,-72,62,-108,-64,2,-77,116,21,53,-73,-56,-57,119,20,-40,-78,22,-108,-15,64,11,43,17,38,-27,53,43,-97,-35,103,-67,65,83,73,-60,98,-104,-120,-77,76,105,0,-32,83,36,114,120,21,30,113,82,49,-27,-119,52,6,52,-38,90,0,118,-13,65,126,8,34,-116,-118,24,100,115,78,-62,24,15,20,82,14,56,-94,-127,-114,-30,-127,-44,83,69,56,117,-96,11,99,0,123,-48,-67,121,-92,60,96,-125,73,-68,-26,-88,-111,-28,85,115,-2,-79,-86,82,-19,-114,42,0,121,98,104,96,-121,10,27,-91,20,26,96,92,-94,-118,42,70,40,-89,-118,96,-89,-118,0,90,41,41,104,0,-94,-118,40,0,-94,-118,40,1,8,-56,-59,86,-99,8,-58,42,-43,71,40,-56,-96,10,-71,-93,34,-112,-82,122,84,76,57,-87,24,-25,-5,-44,10,70,-5,-44,-28,-29,-109,-48,80,4,-110,116,2,-96,111,-66,105,-37,-9,63,-75,51,-8,-87,-127,50,-114,41,112,41,7,74,112,-90,33,-37,70,41,-122,63,-10,-113,-29,82,10,40,2,29,-91,123,-44,-82,-63,-64,81,77,115,-118,-120,-116,28,-119,49,72,98,74,-104,35,21,2