1331841711559: *** Opened log file for writing ***
1331841711559: *** Application started ***
1331841711561: HI I'm in ONRESUME()
1331841711673: SAMPLING_DISTANCE : 1, SAMPLING_DURATION : 1000
1331841871092: moving from region (-1,-1), to (2,0)
1331841876444: Picture successfully taken, ORIG BYTE LENGTH = 954218
1331841877259: Our new height x width: 240 x 320
1331841877260: Show photo from handle my camera take
1331841877260: Show photo done 
1331841877260: client making photo packet to send to leader
1331841877281: BYTE SIZE AFTER COMPRESSION: 2666
1331841877282: Server request to url: http://128.30.87.130:6212/101/2/0/
1331841877404: gson string: {"debugstr":"today is pi day","photo_bytes":[-1,-40,-1,-32,0,16,74,70,73,70,0,1,1,0,0,1,0,1,0,0,-1,-37,0,67,0,80,55,60,70,60,50,80,70,65,70,90,85,80,95,120,-56,-126,120,110,110,120,-11,-81,-71,-111,-56,-1,-1,-1,-1,-1,-1,-1,-1,-1,-1,-1,-1,-1,-1,-1,-1,-1,-1,-1,-1,-1,-1,-1,-1,-1,-1,-1,-1,-1,-1,-1,-1,-1,-1,-1,-1,-1,-1,-1,-37,0,67,1,85,90,90,120,105,120,-21,-126,-126,-21,-1,-1,-1,-1,-1,-1,-1,-1,-1,-1,-1,-1,-1,-1,-1,-1,-1,-1,-1,-1,-1,-1,-1,-1,-1,-1,-1,-1,-1,-1,-1,-1,-1,-1,-1,-1,-1,-1,-1,-1,-1,-1,-1,-1,-1,-1,-1,-1,-1,-1,-1,-1,-1,-1,-1,-64,0,17,8,0,-16,1,64,3,1,34,0,2,17,1,3,17,1,-1,-60,0,31,0,0,1,5,1,1,1,1,1,1,0,0,0,0,0,0,0,0,1,2,3,4,5,6,7,8,9,10,11,-1,-60,0,-75,16,0,2,1,3,3,2,4,3,5,5,4,4,0,0,1,125,1,2,3,0,4,17,5,18,33,49,65,6,19,81,97,7,34,113,20,50,-127,-111,-95,8,35,66,-79,-63,21,82,-47,-16,36,51,98,114,-126,9,10,22,23,24,25,26,37,38,39,40,41,42,52,53,54,55,56,57,58,67,68,69,70,71,72,73,74,83,84,85,86,87,88,89,90,99,100,101,102,103,104,105,106,115,116,117,118,119,120,121,122,-125,-124,-123,-122,-121,-120,-119,-118,-110,-109,-108,-107,-106,-105,-104,-103,-102,-94,-93,-92,-91,-90,-89,-88,-87,-86,-78,-77,-76,-75,-74,-73,-72,-71,-70,-62,-61,-60,-59,-58,-57,-56,-55,-54,-46,-45,-44,-43,-42,-41,-40,-39,-38,-31,-30,-29,-28,-27,-26,-25,-24,-23,-22,-15,-14,-13,-12,-11,-10,-9,-8,-7,-6,-1,-60,0,31,1,0,3,1,1,1,1,1,1,1,1,1,0,0,0,0,0,0,1,2,3,4,5,6,7,8,9,10,11,-1,-60,0,-75,17,0,2,1,2,4,4,3,4,7,5,4,4,0,1,2,119,0,1,2,3,17,4,5,33,49,6,18,65,81,7,97,113,19,34,50,-127,8,20,66,-111,-95,-79,-63,9,35,51,82,-16,21,98,114,-47,10,22,36,52,-31,37,-15,23,24,25,26,38,39,40,41,42,53,54,55,56,57,58,67,68,69,70,71,72,73,74,83,84,85,86,87,88,89,90,99,100,101,102,103,104,105,106,115,116,117,118,119,120,121,122,-126,-125,-124,-123,-122,-121,-120,-119,-118,-110,-109,-108,-107,-106,-105,-104,-103,-102,-94,-93,-92,-91,-90,-89,-88,-87,-86,-78,-77,-76,-75,-74,-73,-72,-71,-70,-62,-61,-60,-59,-58,-57,-56,-55,-54,-46,-45,-44,-43,-42,-41,-40,-39,-38,-30,-29,-28,-27,-26,-25,-24,-23,-22,-14,-13,-12,-11,-10,-9,-8,-7,-6,-1,-38,0,12,3,1,0,2,17,3,17,0,63,0,107,99,60,-45,74,-15,-22,41,-28,100,83,48,-21,-45,4,80,3,118,-29,-98,-94,-108,55,-96,-89,99,60,-114,15,-91,38,71,70,20,0,-97,90,6,61,41,126,94,-39,-92,-56,-96,0,-98,41,-72,38,-99,-44,-11,-91,36,3,-127,64,12,-50,-34,-108,-87,-49,52,-41,28,-44,-79,46,120,-92,49,85,55,28,118,-85,10,-69,71,20,42,-123,20,-22,98,18,-118,90,74,0,41,105,40,-96,2,-99,73,75,64,13,53,86,69,-38,-57,-46,-83,-111,-111,80,-56,61,104,2,1,78,20,-124,109,56,-96,84,-116,125,45,32,-91,-96,2,-110,-106,-118,0,74,41,105,40,1,-63,-120,-9,20,124,-83,-20,105,41,41,-128,-30,-121,-73,52,-38,80,72,-24,105,119,-1,0,120,102,-128,25,69,63,106,-73,67,-118,66,-116,61,-24,1,-76,-76,-108,82,0,-91,-92,-91,-28,-12,-96,4,-91,3,52,-95,125,104,44,7,2,-104,12,18,3,-41,-118,118,70,42,-67,40,56,52,-60,73,-100,26,93,-32,-11,-90,22,-51,55,62,-76,1,33,-11,28,-118,76,-46,46,71,42,105,-36,48,-29,-125,64,17,-109,74,123,26,70,4,30,105,80,-125,-14,-102,0,120,82,-60,113,86,81,2,-118,-119,14,-46,42,124,-48,-128,90,41,41,104,0,-92,-89,82,26,0,74,90,41,104,0,-94,-118,90,0,74,100,-117,-107,-89,-47,64,21,-120,-36,-66,-11,29,76,-33,43,28,116,-90,62,15,34,-109,24,-126,-108,82,10,112,-92,1,69,20,80,2,81,75,69,0,37,20,81,64,5,20,81,64,5,1,-104,116,52,81,64,14,-13,63,-68,40,-54,30,-44,-54,41,-128,-4,-88,-19,72,95,-46,-101,69,0,4,-109,73,75,69,32,43,-46,-88,-51,5,79,110,71,-75,42,-126,59,85,8,67,-14,-102,51,74,-4,-113,122,-114,-128,30,61,-87,78,122,-26,-111,49,-98,105,-50,54,-114,40,1,3,30,-12,-28,0,-75,71,83,70,48,-71,-96,7,119,-87,-29,59,-105,-23,85,-23,-47,62,-41,-57,99,72,101,-118,41,104,-90,33,104,-92,20,-76,0,81,69,45,0,20,81,69,0,20,-108,-76,80,4,18,-82,57,-90,-81,53,60,-117,-107,-88,9,-38,40,1,-84,48,120,-92,20,103,38,-118,-111,-114,-94,-118,40,0,-94,-118,40,1,40,-91,-92,-96,2,-118,40,-96,2,-118,40,-96,2,-118,40,-96,2,-110,-106,-110,-128,10,40,-94,-128,43,3,75,-72,-45,104,-86,16,-71,-49,90,41,40,-96,5,-51,46,73,24,-90,-46,-125,64,10,58,-13,86,-93,0,-82,5,85,53,44,89,28,-118,0,-111,-105,109,71,-97,-102,-89,46,8,-63,-88,-126,29,-2,-44,-128,-78,-121,42,51,78,-92,81,-127,75,76,2,-106,-118,40,1,104,-94,-118,0,40,-94,-118,0,40,-94,-125,64,9,85,100,-1,0,88,106,89,38,3,-127,-42,-96,36,-109,-109,73,-128,-76,-76,81,72,98,-47,69,20,0,81,69,20,0,-108,-76,-108,80,1,69,45,20,0,-108,82,-46,80,1,69,20,80,1,73,75,69,0,37,20,82,-48,5,98,48,58,-46,82,81,84,33,113,73,70,104,-96,0,-47,69,20,0,-12,82,-20,5,89,17,-19,21,4,31,124,85,-90,-96,6,4,4,115,74,-125,28,81,72,61,104,2,113,-46,-100,41,-119,-56,-89,10,0,90,90,41,9,-96,0,-102,41,5,58,-128,10,41,41,-84,-8,-96,5,103,10,57,-86,-17,41,99,-57,74,71,37,-113,52,-128,82,-72,-60,-59,46,41,113,69,32,10,81,69,20,0,81,69,20,0,81,69,20,0,81,69,37,0,45,20,81,64,5,37,20,80,1,69,20,80,1,69,20,80,1,73,69,20,1,86,-118,40,-86,16,82,-10,-92,-91,-96,4,-91,-92,-91,-96,9,33,-5,-30,-82,17,84,80,-19,96,106,-41,-98,61,40,1,113,77,39,3,21,34,-4,-61,56,-95,-112,30,-99,104,1,98,-23,82,119,-88,98,56,108,26,-102,-128,3,72,5,58,-118,0,74,41,105,-92,-48,2,18,79,74,99,12,10,-109,112,21,28,-116,27,-91,0,69,-118,49,78,-94,-92,98,98,-118,90,40,0,-92,-91,-94,-128,18,-106,-118,74,0,40,-94,-118,0,40,-94,-118,0,40,-94,-118,0,74,90,40,-96,2,-110,-118,40,0,-94,-118,40,0,-92,-91,-94,-128,42,81,69,21,66,10,90,74,90,0,40,-94,-118,0,7,90,-103,70,72,-88,-106,-89,-124,100,-46,2,-62,-116,46,41,105,51,74,41,-128,21,-55,4,117,20,-4,-32,82,10,73,6,86,-128,15,48,82,121,-126,-94,-94,-107,-58,74,100,21,30,-30,105,40,-94,-32,20,81,69,32,10,40,-94,-128,10,40,-94,-128,10,40,-94,-128,10,40,-94,-128,10,74,90,40,1,40,-94,-118,0,40,-91,-92,-96,2,-110,-106,-110,-128,22,-110,-118,40,0,-94,-118,40,1,40,-91,-92,-96,10,-76,81,64,21,66,10,113,82,0,52,-72,-89,-87,-35,30,-38,0,-122,-106,-126,13,40,92,-48,2,-83,89,-120,97,106,5,94,106,-46,-116,12,82,1,105,87,-91,37,56,80,-128,112,-90,74,120,-59,62,-95,115,-106,-90,-64,109,45,37,21,35,22,-118,40,-96,2,-118,40,-96,2,-118,41,104,1,41,104,-94,-128,10,40,-94,-128,10,74,90,40,1,40,-91,-94,-128,18,-110,-106,-118,0,74,40,-94,-128,10,40,-94,-128,10,74,40,-96,2,-118,40,-96,2,-110,-118,67,64,16,-86,83,-118,-118,106,-66,-47,-118,114,-66,-29,-116,85,8,85,25,56,-92,97,-74,-92,85,0,-26,-102,-28,80,0,48,-64,31,-50,-116,83,-47,65,78,59,-45,105,49,-114,65,-50,106,97,81,33,0,-13,-48,-44,-94,-102,16,-72,-91,20,10,90,0,71,56,90,-122,-99,35,101,-79,76,-92,-58,45,20,81,72,5,-94,-118,40,0,-94,-118,40,1,104,-94,-118,0,40,-91,-92,-96,2,-118,90,40,1,40,-94,-118,0,40,-94,-118,0,74,41,105,40,0,-92,-91,-92,-96,2,-110,-106,-110,-128,10,40,-92,-96,2,-118,66,64,-90,-106,-96,7,22,-59,48,-75,48,-75,52,-100,-45,1,70,51,-46,-107,8,15,72,58,-46,14,-76,-60,74,77,10,-71,60,-47,-116,-44,-125,-88,-96,7,40,-38,49,76,61,105,93,-69,83,105,48,64,106,72,-97,-79,-88,11,-118,3,122,80,50,-24,-96,-100,12,-44,81,-55,-72,115,-42,-119,95,-116,83,16,-36,-28,-47,72,41,106,70,45,20,81,64,5,45,37,45,0,20,-76,-108,-76,0,81,69,45,0,20,98,-118,90,0,41,41,104,-90,2,82,-47,69,0,37,37,45,20,0,-108,-108,-76,-108,-128,41,41,105,40,1,40,-96,-45,11,122,80,3,-119,-59,38,75,30,41,-123,-128,-21,76,103,39,-114,-126,-104,15,102,85,-17,-109,81,22,38,-118,74,0,40,-94,-118,98,20,117,-96,28,55,52,14,-76,-108,1,50,-112,69,60,26,-84,9,21,33,110,49,64,14,102,-7,-87,-39,-30,-96,61,105,67,17,72,4,61,77,20,30,-76,-108,-64,112,98,58,26,112,98,-57,-109,76,-89,45,0,74,-121,34,-97,81,-59,-34,-92,-87,24,82,-46,82,-48,1,75,73,75,64,5,45,37,45,0,20,-76,-108,-76,0,82,-46,80,41,-128,-76,-76,-108,-76,0,82,82,-47,64,9,73,74,105,40,1,41,41,105,13,0,37,53,-104,10,70,127,74,-124,-75,0,61,-97,52,-62,-34,-108,-36,-47,64,5,20,82,80,1,69,20,83,16,81,69,