18
18
18
18
18
18
66667
72307
18
18
35224
18
18
18
18
18
18
18
18
18
18
18
18
66667
18
18
18
18
54811
81642
77817
18
18
18
18
72307
66667
18
18
65876
18
18
18
18
18
49761
53718
53718
57404
60089
18
66667
66667
60089
56263
18
59566
18
50181
50181
57777
58328
50181
56660
18
18
18
18
65587
68530
58869
66661
58387
58387
18
18
78883
18
73440
18
51864
70771
37514
18
60040
60040
60959
66758
18
18
66758
51864
18
18
87934
75844
59742
59742
59742
66758
47503
47503
18
66758
66441
18
18
18
47468
33602
18
54646
44695
18
53935
53718
18
18
18
18
50534
50404
18
51236
18
56660
18
64187
18
46897
18
18
58387
18
18
18
76543
82114
82114
18
18
46351
40480
40480
40480
18
54769
66667
47578
18
18
66667
66667
18
18
35929
35929
18
66667
18
52923
52923
59566
66667
18
59566
59566
66667
18
18
50181
44666
18
56660
50181
68530
50534
50534
18
18
18
76543
82114
62826
18
18
18
66667
40112
32852
18
18
66667
18
18
36614
44903
18
42183
42183
66667
18
66667
47578
38897
54769
54769
18
49102
18
18
66667
44695
54646
35929
18
66667
66667
18
18
59566
66667
71162
60089
57404
18
18
18
66667
59566
64014
44731
18
49748
50181
18
37846
66667
18
18
48116
50181
18
57470
68387
50181
18
68530
56660
18
51236
50404
18
66233
18
68530
56660
58869
51236
47922
18
67073
18
51236
58869
68530
64187
64187
18
46897
18
55779
55779
18
65753
58869
65753
18
18
82397
58869
66661
71988
65001
58387
18
18
78883
18
78883
47153
18
61476
58869
58869
66661
71988
58387
18
18
45076
66661
18
66661
55431
55431
55431
18
66661
55234
55234
18
79720
56404
55234
51864
79720
71988
18
18
18
18
70771
18
18
60040
18
18
71988
61804
51864
51864
60959
60959
66758
18
18
18
18
18
18
18
66667
18
44695
18
57404
18
59566
18
18
18
18
58869
58869
18
18
18
18
61476
18
55431
66661
66661
71988
58387
55234
51864
18
55234
37514
18
60959
18
51864
60959
18
66758
87934
87934
18
48487
59742
75844
58387
18
58387
