16172
12
14750
11670
14040
15462
12
12
20016
12734
12
12096
12
12
17614
20108
15492
19056
16587
18157
14901
30392
28699
23202
12
12
23748
12
18969
12
13298
21170
20207
12
12
12
12
12
12
14382
17164
13348
12
12
12
14182
17298
12
15313
17276
18196
12887
18199
12
12
12
12
12
14005
12
12
12
12
18228
12
21283
12
12
12
12
12
12
17117
17614
22235
24185
12
12
12
12
12
12
15994
29333
12
17205
12
13452
12
12
12
22347
12
12
12
12
13752
21851
12
12
17294
32600
12
12
12
12
12
12
12
12
17675
12
12
30340
21390
16275
12
12
20189
12
12
20720
12
12
26370
23602
17185
18510
12
12
28439
12
21661
12
23649
12
24581
12
31441
26644
12
31117
35154
36718
23242
12
12
12
16273
32855
12
12
12
12
17954
12
12
12
27916
18471
12
12
28533
19775
12
12
23852
12
19399
12
12
12
12
29173
12
12
12
20856
21378
12
12
25298
12
12
12
12
12
21431
32735
21776
12
12
12
16883
12
24521
12
12
12
12
12
12
26759
13194
12
12
20517
12
12
12
21827
12
12
12
12
12
12
12
22879
16331
12
12
12
12
12
12
12
21950
21048
12
12
12
12
12
19726
22384
20699
12
12
12
12
18361
12
12
12
12
12
16194
17562
12
12
31590
12
12
12
12
12
12
18464
12
12
24765
12
23184
12
12
12
12
12
24424
12
17899
12
12
12
12
12
17003
12
20503
12
12
24351
12
12
12
20539
24037
12
12
12
12
12
12
20752
25748
12
27112
12
12
22618
12
12
12
12
12
12
20240
16406
12
12
20455
12
12
12
12
18964
12
12
12
29534
12
12
12
12
12
12
24271
18086
18494
18649
12
24474
22142
12
24026
22880
12
12
12
12
12
12
12
22078
28082
36627
21609
12
28445
24252
12
22187
12
19708
12
25915
12
24912
23360
23244
24717
12
12
31505
25574
25591
24619
12
20768
12
12
12
12
12
12
12
26291
12
12
22112
12
24876
12
12
17501
12
12
12
24655
12
12
12
12
25208
12
