406
406
406
406
406
406
406
406
406
406
406
406
406
406
406
406
406
406
406
406
406
406
406
406
406
406
406
406
406
406
406
406
406
406
406
406
406
406
406
406
406
406
406
406
406
406
406
406
406
406
406
406
406
406
406
406
406
406
406
406
406
406
406
406
406
406
406
406
12780
406
406
406
406
406
406
406
406
406
406
406
406
406
406
406
406
406
423
406
406
406
406
406
406
406
406
406
406
406
406
406
406
406
406
406
406
406
406
406
406
406
406
406
406
406
406
406
406
406
406
406
406
406
406
406
406
406
406
406
406
406
406
406
406
406
406
406
406
406
406
406
406
406
406
406
406
406
406
406
406
406
406
406
406
406
406
406
406
406
406
406
406
406
406
406
406
406
406
406
406
406
406
406
406
406
406
406
406
406
406
406
406
406
406
406
406
406
406
406
406
406
406
406
406
406
406
406
406
406
406
406
406
406
406
406
406
406
406
406
406
406
406
406
406
406
406
406
406
406
406
406
406
406
406
406
406
406
406
3450
5712
406
406
406
406
406
15467
15484
15484
15484
15484
15484
15484
15726
15484
406
8069
949
602
406
5130
949
13522
13522
406
13522
949
5130
4783
406
17703
17703
17703
17703
17703
17703
406
406
423
17703
406
406
406
406
406
406
406
406
22819
406
406
6047
949
406
406
949
949
949
949
949
949
949
949
949
949
949
949
949
949
770
406
406
949
770
949
949
949
949
949
949
949
949
949
949
949
949
949
949
770
406
406
949
949
949
949
949
949
949
949
949
949
949
949
949
949
949
406
949
949
949
949
949
949
949
949
406
406
406
406
406
7816
949
406
406
949
949
406
770
949
949
949
949
949
949
406
949
949
949
949
949
949
949
949
949
770
949
7816
7816
7816
7816
7816
406
949
7816
949
7816
949
7816
949
949
949
949
949
949
770
406
949
949
949
949
949
949
949
949
949
949
949
949
949
949
949
770
406
406
949
949
949
949
949
949
949
949
949
949
949
949
949
949
770
406
406
406
406
406
423
406
406
406
406
16573
406
406
406
8123
406
949
406
949
949
949
949
949
949
949
949
949
949
949
949
949
949
949
770
406
406
949
949
949
949
949
949
949
949
949
949
949
406
949
949
949
949
770
423
406
406
406
406
22057
406
406
406
406
406
406
406
423
406
406
406
406
406
406
406
406
406
406
406
406
406
406
406
406
406
406
406
406
406
406
406
406
406
406
406
406
406
406
406
406
406
406
406
406
406
406
406
406
406
406
406
406
406
406
406
406
406
406
406
406
406
406
406
406
406
406
406
406
406
406
406
406
406
406
406
406
406
406
406
406
406
406
406
406
406
406
406
406
406
406
406
406
406
406
406
406
406
406
406
406
406
406
406
406
406
406
406
406
406
406
406
406
406
406
406
406
406
406
406
406
406
406
406
406
406
406
406
406
406
406
406
406
406
406
406
406
406
406
406
406
406
406
406
406
406
406
406
406
406
406
406
406
406
406
406
406
406
406
406
406
406
406
406
406
406
406
406
406
406
406
406
406
406
406
406
406
406
406
406
406
406
406
406
406
406
406
406
6627
585
406
406
406
406
3838
3855
3855
3855
3855
3855
3855
3855
4004
3855
3855
3855
3855
3855
3855
3855
3855
3855
3855
3855
3855
3855
3855
3855
3855
3855
3855
3855
3855
3855
3855
3855
3855
3855
3855
3855
3855
3855
3855
3855
3855
3855
3855
3855
3855
3855
3855
3855
3855
3855
3855
3855
3855
3855
3855
3855
3855
3855
3855
3855
3855
3855
3855
3855
3855
3855
3855
3855
3855
3855
3855
3855
3855
3855
3855
3855
3855
3855
3855
3855
3855
3855
3855
3855
3855
3855
3855
3855
3855
3855
3855
3855
3855
3855
3855
3855
3855
3855
3855
3855
3855
3855
3855
3855
3855
3855
3855
3855
3855
3855
3855
3855
3855
3855
3855
3855
3855
3855
3855
3855
3855
3855
3855
3855
3855
3855
3855
3855
3855
3855
3855
3855
3855
3855
3855
3855
3855
3855
3855
3855
3855
3855
3855
3855
3855
3855
3855
3855
3855
406
406
406
406
406
406
406
406
406
406
406
406
406
406
406
406
8500
12081
949
12166
12166
12166
12166
12166
406
406
406
406
406
406
406
406
406
406
406
406
406
406
406
406
406
406
406
406
406
406
406
406
7419
585
406
406
406
406
406
406
406
406
406
406
406
406
406
406
406
406
406
6711
585
6059
585
406
406
406
406
406
406
406
406
406
406
406
406
406
406
406
406
406
7466
585
406
406
406
406
406
406
406
406
406
406
406
406
406
406
406
406
406
406
406
406
406
406
406
406
406
406
406
406
406
406
406
406
406
406
406
406
406
406
406
406
406
406
406
406
7165
406
406
406
406
406
406
406
406
406
406
406
406
406
406
406
406
406
406
406
7032
406
406
406
406
406
406
406
406
406
406
406
406
18328
406
18345
18345
18345
18345
406
18345
18345
18345
18345
406
7376
949
406
6318
949
602
406
7183
949
602
406
8009
949
406
16750
16750
16750
16750
949
16750
17034
17034
17034
949
949
949
949
949
949
8009
7662
949
949
949
949
949
949
949
949
949
770
406
23928
23928
23928
406
23928
23928
949
406
24203
949
24203
949
949
24203
949
949
949
949
949
949
949
24203
949
949
949
949
770
406
23928
23928
406
23928
23928
23928
23928
949
406
770
24321
24046
24046
24046
24046
24046
24046
24046
406
24046
24046
24046
24046
406
9760
949
18519
18519
18519
18519
406
406
406
406
18519
18519
18519
18519
18519
18519
18519
18519
406
406
406
8172
949
406
406
949
406
406
14355
14355
14355
14355
14355
14355
14584
14355
14355
14355
14355
14355
406
14355
14355
406
406
7322
949
406
949
406
949
406
406
406
406
406
406
16574
16574
7628
949
406
406
949
406
949
949
949
949
949
949
949
949
949
949
949
949
949
949
770
406
406
406
406
406
406
406
406
7217
949
949
406
770
406
949
406
949
949
949
949
949
949
949
949
949
949
949
949
949
770
406
949
949
949
949
949
949
949
406
949
949
949
949
949
949
949
949
770
406
949
949
949
949
949
949
949
949
949
949
949
949
949
949
949
770
406
949
949
949
949
949
949
949
949
949
949
949
949
949
949
949
949
770
406
406
949
949
949
949
949
949
949
949
949
406
949
949
949
949
949
949
770
406
406
7941
949
949
406
770
406
406
406
949
7941
406
406
406
7094
949
406
949
406
7094
406
406
406
7687
949
406
949
949
949
949
949
949
949
949
949
949
7687
949
949
949
949
949
406
770
406
949
949
949
949
949
949
949
949
949
949
949
949
949
949
949
770
406
406
406
7687
7687
7687
7687
406
406
7687
7687
406
406
406
423
406
406
406
406
406
406
406
406
406
406
406
406
406
406
406
406
406
406
406
406
406
406
406
406
406
406
406
406
406
406
406
406
406
406
406
406
406
406
406
406
406
406
406
406
406
406
406
406
406
406
406
406
406
406
406
406
406
406
406
406
406
406
406
406
406
406
406
406
406
406
406
406
406
406
406
406
406
406
406
406
406
406
406
406
406
406
406
406
406
406
406
406
406
406
406
406
406
406
406
406
406
406
406
406
406
406
406
406
406
406
406
406
406
406
406
406
406
406
406
406
406
406
406
406
406
406
406
406
406
406
406
406
5958
406
406
406
406
406
406
406
406
406
406
406
406
406
406
406
406
406
406
406
406
406
406
406
406
406
406
406
406
406
406
406
406
406
406
406
406
406
406
406
406
5137
585
585
6715
406
585
406
406
406
406
406
406
406
406
406
406
585
6273
585
7126
406
406
406
406
406
406
406
406
406
406
406
406
406
406
406
406
406
406
406
406
406
406
406
406
406
406
406
406
406
406
406
406
406
406
406
406
406
406
406
406
406
406
406
406
406
406
406
406
406
406
406
406
406
406
406
406
406
406
406
406
406
406
406
406
406
406
406
406
406
406
406
406
406
406
406
406
406
406
406
406
12780
406
406
6392
949
406
406
6282
949
406
406
949
6282
406
949
949
949
949
949
949
949
949
949
949
949
949
949
949
949
770
406
6282
6282
6282
406
406
949
949
949
949
949
949
949
949
949
949
949
949
770
406
406
406
406
21106
21106
21106
406
21106
21106
21106
21106
8655
949
406
3814
949
602
406
949
949
949
949
949
949
949
949
949
949
949
949
949
949
770
406
13332
13332
13332
406
406
406
13332
13332
7072
949
16472
16472
406
16472
16472
406
949
949
949
949
949
949
406
949
949
949
949
949
949
949
949
770
423
406
406
406
406
7705
585
406
7629
406
406
406
406
406
406
406
406
406
406
406
406
406
406
406
406
406
406
9559
585
8671
585
406
406
406
406
406
406
406
406
406
406
406
406
406
406
406
406
406
406
406
406
406
406
406
406
406
406
406
406
406
406
406
406
406
406
406
406
406
406
406
406
406
406
406
406
406
406
406
406
406
406
406
406
406
406
406
406
406
406
406
406
406
406
406
406
406
406
406
406
406
406
406
406
20971
406
406
406
406
406
406
406
406
406
406
406
406
406
406
406
406
406
406
406
406
406
406
406
406
406
406
406
406
406
406
406
406
406
406
406
406
406
406
406
8977
8977
8977
8977
406
8977
8977
8977
8977
8977
8977
406
406
406
406
406
406
406
406
406
406
406
770
406
406
406
770
406
8977
406
406
949
949
949
770
406
406
406
406
406
406
406
406
406
406
37594
37594
37594
37594
406
37594
37594
37594
406
37594
37594
37594
37594
406
37594
37594
37594
406
37594
949
406
406
406
406
406
406
406
406
406
406
37594
37594
406
406
37594
37594
406
406
406
406
406
406
406
406
406
406
406
406
406
406
406
406
406
406
406
406
406
406
37594
37594
37594
406
37594
37594
406
37594
37594
406
406
406
406
406
406
406
406
406
406
406
406
406
406
406
406
406
406
406
406
406
406
406
406
406
406
406
406
406
406
406
406
406
406
406
406
406
406
406
406
406
406
406
406
406
406
406
406
406
406
406
406
406
406
406
406
406
406
406
406
406
406
406
406
406
406
406
406
406
406
406
406
406
406
406
406
406
406
406
406
406
406
406
406
406
406
406
406
406
406
406
406
406
406
406
406
406
406
406
406
406
406
406
406
406
406
406
406
406
406
406
406
406
406
406
406
406
406
406
37594
37594
37594
406
406
406
37594
37594
37594
37594
37594
37594
37594
37594
37594
406
37594
406
406
5010
770
5010
770
5010
770
5010
770
5010
770
5010
770
5010
770
5010
770
5010
770
5010
770
5010
770
5010
770
5010
770
5010
770
5010
770
770
406
406
949
8977
8630
406
406
406
406
406
406
406
406
406
406
406
406
406
406
406
406
406
406
406
406
406
45679
45679
45679
45679
406
406
406
406
45679
45679
45679
45679
45679
45679
406
406
406
406
406
406
406
406
406
406
406
406
406
406
406
406
406
406
406
406
406
406
406
406
406
406
406
406
406
406
406
406
406
406
406
406
406
406
406
406
406
406
406
406
406
406
406
406
406
406
406
406
406
406
406
406
406
406
406
406
406
406
406
406
406
406
406
406
406
406
406
406
406
406
406
406
406
9092
406
406
406
9335
9109
9109
9109
9338
9109
9109
9109
9109
9109
9109
9109
9109
406
9109
9109
9109
406
406
5228
949
406
406
406
406
406
406
406
406
406
406
5701
949
9367
9367
9367
406
406
4617
949
406
8283
8283
8283
8432
8283
8283
8283
8283
8283
8283
8283
8283
8283
8283
8283
8283
8283
8283
8283
8283
8283
8283
8283
8283
8283
8283
8283
8283
8283
8283
8283
949
8283
8603
8603
8603
8603
8603
8603
8603
8603
8603
8603
8603
8603
9065
8603
8603
8603
8603
8603
8603
8603
8603
8603
8603
9065
8603
8603
8603
8603
8603
8603
8603
8603
8603
949
406
949
949
949
949
949
949
949
949
949
949
949
949
770
770
770
770
770
770
770
770
770
770
770
770
770
770
770
770
770
770
770
770
770
770
770
770
770
770
770
770
770
770
770
770
770
770
770
770
406
770
770
770
770
770
770
770
770
770
770
770
770
770
770
770
770
770
770
770
770
770
770
770
770
770
770
770
770
770
770
770
770
770
770
770
770
770
770
770
770
770
770
770
770
770
770
770
770
406
770
770
770
770
770
770
770
770
770
770
770
770
770
770
770
770
770
770
770
770
770
770
770
770
770
770
770
770
770
770
770
770
770
770
770
770
770
770
770
770
770
770
770
770
770
770
770
770
406
770
770
770
770
770
770
770
770
770
770
770
770
770
770
770
770
770
770
770
770
770
770
770
770
770
770
770
770
770
770
770
770
770
770
770
770
770
770
770
770
770
770
770
770
770
770
770
770
770
406
770
770
770
770
770
770
770
770
770
770
770
770
770
770
770
770
770
770
770
770
770
770
770
770
770
770
770
770
770
770
770
770
770
770
770
770
770
770
770
770
770
770
770
770
770
770
770
770
406
770
770
770
770
770
770
770
770
770
770
770
770
770
770
770
770
770
770
770
770
770
770
770
770
770
770
770
770
770
770
770
770
770
770
770
770
770
770
770
770
770
770
770
770
770
770
770
770
770
406
770
770
770
770
770
770
770
770
770
770
770
770
770
949
949
949
949
949
949
949
949
949
949
406
949
949
949
949
949
949
949
949
949
949
949
949
949
949
949
770
949
770
949
770
949
770
770
770
770
770
770
770
770
770
770
770
770
770
770
770
770
770
770
770
770
770
770
770
770
770
770
770
770
770
770
770
770
770
770
770
770
770
770
770
770
770
770
770
770
770
770
770
770
770
770
770
770
770
770
770
770
770
770
770
770
770
770
770
770
770
770
770
770
770
770
770
406
770
770
770
770
770
770
770
770
770
770
770
770
770
770
770
770
770
770
770
770
770
770
770
770
770
770
770
770
770
770
770
770
770
770
770
770
770
770
770
770
770
770
770
770
770
770
770
770
770
770
770
770
770
770
770
770
770
770
770
770
770
770
770
770
770
770
770
770
770
770
770
770
770
770
770
770
770
770
770
770
770
770
770
770
770
770
770
770
770
770
770
770
406
770
770
770
770
770
770
770
770
770
770
770
770
770
770
770
770
770
770
770
770
770
770
770
770
770
770
770
770
770
770
770
770
770
770
770
770
770
770
770
770
770
770
770
770
770
770
770
770
770
770
770
770
770
770
770
770
770
770
770
770
770
770
770
770
770
770
770
770
770
770
770
770
770
770
770
770
770
770
770
770
770
770
770
770
770
770
770
770
770
770
770
770
770
770
406
770
770
770
770
770
770
770
770
770
770
9132
770
9132
8739
8739
770
770
770
770
8739
770
770
770
8739
770
770
770
8739
770
770
770
8739
5251
13050
12766
12766
12766
12766
12766
12766
12766
12766
12766
12766
12766
12766
12766
12766
12766
12766
12766
12766
12766
12766
12766
12766
12766
12766
12766
12766
12766
12766
12766
12766
12766
12766
12766
12766
12766
12766
12766
12766
12766
12766
12766
12766
12766
12766
12766
12766
12766
12766
12766
12766
12766
12766
12766
12766
12766
12766
12766
5251
5251
5251
5251
5251
5251
5251
5251
5251
5251
5251
770
770
770
770
770
770
770
770
770
770
770
770
770
770
770
770
5828
770
770
770
770
406
770
5828
770
5828
770
5828
770
5828
770
5828
770
5828
770
5828
770
5828
770
5828
770
5828
770
5828
770
5828
770
770
770
770
770
770
770
770
770
770
770
770
770
770
770
770
770
770
770
770
770
770
770
770
770
770
770
770
770
770
770
770
770
770
770
770
770
770
770
770
770
770
770
770
770
770
770
770
770
770
770
770
770
770
770
770
770
770
770
770
770
770
770
770
770
770
770
770
770
770
770
770
406
770
770
770
770
770
770
770
770
770
770
770
770
770
770
770
770
770
770
770
770
770
770
770
770
770
770
770
770
770
770
770
770
770
770
770
770
770
770
770
770
770
770
770
770
770
770
770
770
770
770
770
770
770
770
770
770
770
770
770
770
770
770
770
770
770
770
770
770
770
770
770
770
770
770
770
770
770
770
770
770
770
770
770
770
770
770
770
770
770
770
770
770
770
770
770
770
770
770
770
770
770
770
770
770
406
770
770
770
770
770
770
770
770
770
770
770
770
949
949
949
949
949
949
949
949
949
949
949
949
949
949
949
770
406
8443
8443
8443
8443
8443
8443
8443
8443
5292
406
949
949
949
949
949
949
949
949
949
949
949
949
949
949
949
770
949
949
949
949
949
949
949
949
949
949
770
5292
5292
5292
406
406
5097
949
406
406
949
5358
949
949
949
949
406
423
406
406
406
406
406
406
406
406
406
406
406
406
406
406
406
406
406
406
406
406
406
406
406
406
406
406
406
406
406
406
406
406
406
406
406
406
585
585
585
585
406
406
406
406
406
406
406
406
15471
15488
15488
15488
406
15488
15488
15488
15488
949
406
949
949
949
949
949
949
949
949
949
949
949
949
949
949
770
406
949
949
949
949
949
949
949
949
949
949
949
949
406
949
949
949
949
949
770
949
949
949
949
949
949
949
949
949
949
949
949
770
949
949
949
949
949
949
949
949
949
949
949
949
770
770
770
406
406
949
949
949
406
949
949
949
949
949
949
949
949
949
949
949
949
770
949
949
406
15824
15824
15824
15824
406
15824
16050
15824
16053
15824
6184
949
14064
14064
14064
406
949
949
949
949
949
949
949
949
949
949
949
949
949
949
949
770
406
406
406
406
5781
949
406
949
949
949
406
949
949
949
949
949
949
949
949
949
949
949
770
406
949
949
949
949
949
949
406
949
949
949
949
949
949
949
949
770
406
406
949
5781
423
406
406
406
406
406
406
406
406
406
406
406
406
406
406
406
406
406
406
406
406
406
406
406
406
406
406
406
406
406
406
406
406
406
406
406
406
406
406
406
406
406
406
406
406
406
406
406
406
406
406
406
406
406
406
406
406
406
406
406
406
406
406
5954
6819
406
406
406
406
585
406
406
406
406
406
585
406
406
406
406
406
406
406
406
406
406
406
406
406
406
585
406
406
406
406
406
406
406
406
406
406
406
406
406
406
406
406
18328
406
949
949
949
949
949
949
949
949
949
949
949
949
949
949
949
770
406
406
406
406
406
406
406
406
5312
949
406
406
406
406
14044
14044
14044
14044
14506
14044
14044
14044
14044
14044
14044
14044
949
406
16904
16904
406
406
949
7232
949
406
406
7531
949
406
406
406
406
406
406
406
16547
16547
16547
406
5576
949
406
406
949
949
949
949
949
949
949
949
406
949
949
949
949
949
949
949
770
406
423
14746
406
406
406
406
406
406
406
406
406
406
406
406
406
406
406
406
406
406
406
406
406
406
406
406
406
406
406
406
406
406
406
406
406
406
406
406
406
406
406
406
406
406
406
406
406
406
406
406
406
406
406
406
18485
406
406
5013
949
406
949
949
949
949
949
949
949
949
949
949
949
949
949
949
406
949
770
406
5013
406
949
949
5013
406
406
406
6914
949
406
6914
949
406
406
406
949
6914
406
406
949
949
949
949
949
949
949
949
949
949
949
949
949
949
949
770
406
406
6914
6914
6914
6914
6914
6914
6914
6914
6914
5101
949
406
406
8598
949
406
949
949
949
949
949
949
949
949
949
949
949
949
949
949
949
770
406
949
406
949
949
949
406
406
423
406
406
406
406
585
5199
10009
585
585
585
585
585
406
423
5659
406
406
406
406
585
585
406
423
22057
406
423
406
406
406
406
406
406
406
406
406
406
406
406
406
406
406
406
406
406
406
406
406
406
406
406
406
406
406
406
406
406
406
406
406
406
406
406
406
406
406
406
406
406
406
406
406
406
406
406
406
406
406
406
406
406
406
406
406
406
406
406
406
406
406
406
406
406
406
406
406
406
406
406
406
406
406
406
406
406
406
406
406
406
406
406
406
406
406
406
406
406
406
406
406
406
406
406
406
406
406
406
406
406
406
406
406
406
406
406
406
406
406
406
406
406
406
406
406
406
406
406
406
406
406
406
406
406
406
406
406
406
406
406
406
406
406
406
406
406
406
406
406
406
406
406
406
406
406
406
406
406
406
406
406
406
406
406
406
406
406
406
406
406
406
406
406
406
406
406
406
25947
406
406
406
7259
949
406
406
949
949
949
949
949
949
949
949
949
406
949
949
949
949
949
770
406
406
949
949
949
33210
949
32502
32502
32502
949
949
949
949
949
770
406
406
406
32227
32227
6014
32227
949
31776
31148
406
406
31148
31148
31148
31148
31148
31148
31148
406
406
10020
949
35163
35163
35163
406
949
949
949
949
949
949
949
949
949
949
949
949
949
949
949
770
406
423
35272
406
406
406
406
25252
406
406
770
406
8202
949
33282
33282
33282
406
949
33584
949
949
949
949
949
949
949
949
949
949
949
949
949
949
770
406
406
406
406
949
949
949
949
949
949
949
949
949
949
949
949
949
949
949
770
406
406
949
949
949
949
949
949
949
949
949
949
949
949
949
406
949
770
423
406
406
406
406
406
406
406
406
8982
406
4930
585
9134
7122
585
6322
406
406
406
406
25252
406
949
949
949
949
949
949
949
949
949
949
949
949
949
949
949
406
770
406
406
406
6974
770
6974
770
6974
770
6974
770
6974
770
6974
770
6974
770
6974
770
6974
770
6974
770
6974
770
406
6974
770
6974
770
6974
770
770
406
949
949
406
949
949
949
949
949
949
949
949
949
949
949
949
949
949
770
406
949
406
949
949
949
949
949
949
949
949
949
949
949
949
949
949
770
406
406
406
406
949
949
949
949
406
949
8959
949
406
406
949
949
949
949
949
949
949
949
949
949
949
949
949
949
949
770
423
406
406
406
406
13724
406
406
949
949
949
949
949
949
949
949
949
949
949
949
949
949
770
406
406
406
7092
949
406
406
406
423
406
406
406
406
3838
406
6881
949
406
949
949
949
949
949
949
949
949
949
949
949
949
949
949
770
406
406
949
949
949
949
949
949
949
949
949
949
949
949
949
949
770
406
406
406
406
406
406
406
8977
949
406
949
949
949
949
949
406
949
949
949
949
949
770
406
406
949
949
949
949
949
949
949
949
949
949
949
949
949
949
949
770
406
406
8977
406
406
406
406
406
406
406
406
949
8977
406
949
949
949
949
949
949
406
949
949
949
949
949
949
949
949
770
406
949
949
949
949
949
949
949
949
949
949
949
949
406
949
949
949
770
406
406
406
406
406
406
406
406
406
406
406
423
406
406
406
406
25947
406
406
406
6445
949
406
423
406
406
406
406
406
406
406
406
406
406
406
406
406
406
406
406
406
406
406
406
406
406
406
406
406
406
406
406
20971
406
20988
20988
20988
20988
406
406
20988
20988
20988
20988
20988
406
20988
20988
20988
20988
406
9923
770
9923
770
9923
770
9923
770
9923
770
9923
770
9923
770
9923
770
9923
770
9923
770
9923
770
9923
770
9923
770
9923
770
770
406
406
949
949
949
949
949
949
949
949
949
949
949
949
949
949
770
7814
949
602
406
949
949
949
949
949
949
949
949
949
949
406
949
949
949
949
949
770
406
9035
949
602
406
949
949
949
949
949
949
949
949
949
949
949
949
949
949
770
406
406
406
406
406
406
406
406
949
949
949
949
949
949
949
949
949
949
949
949
949
949
949
770
406
21357
21357
21357
21357
406
406
406
406
21357
21357
21357
21506
406
406
406
406
406
406
21357
21357
21357
21357
406
406
406
406
406
406
406
406
406
406
406
406
406
406
406
406
406
406
406
406
406
406
406
406
406
406
406
406
406
406
406
406
406
406
406
406
406
406
406
406
406
406
406
406
406
406
406
406
406
406
406
406
406
406
406
406
406
406
406
406
406
406
406
406
406
406
406
406
406
406
406
406
406
406
406
406
406
406
406
406
406
406
406
406
406
406
406
406
406
406
406
406
406
406
406
406
406
406
406
406
406
406
406
406
406
406
406
406
406
406
406
406
406
406
406
406
406
406
406
406
406
406
406
406
406
406
406
406
406
406
406
406
406
406
406
406
406
406
406
406
406
406
406
406
406
406
406
406
406
406
406
406
406
406
406
406
406
406
406
406
406
406
406
406
406
406
406
406
406
406
406
406
406
406
406
406
406
406
406
406
406
406
406
406
406
406
406
406
406
406
406
406
406
406
406
406
406
406
406
406
406
406
406
406
406
406
406
406
406
406
406
406
406
406
406
406
406
406
406
406
406
406
406
406
406
406
406
406
406
406
406
406
406
406
406
406
406
406
406
406
406
406
406
406
406
406
406
406
406
406
406
406
406
406
406
406
406
406
406
406
406
406
406
406
406
406
406
406
406
406
406
406
406
406
406
406
406
406
406
406
406
406
406
406
406
406
406
406
406
406
406
406
406
406
406
406
406
406
406
406
406
406
406
406
406
406
406
406
406
406
406
406
406
406
406
406
406
406
406
406
406
406
406
406
406
406
406
406
406
406
406
406
406
406
406
406
406
406
406
406
406
406
406
406
406
406
406
406
406
406
406
406
406
406
406
406
406
406
406
406
406
406
406
406
406
406
406
406
406
406
406
406
406
406
406
406
406
406
406
406
406
406
406
406
406
406
406
406
406
406
406
406
406
406
406
406
406
406
406
406
406
406
406
406
406
406
406
406
406
406
406
406
406
406
406
406
406
406
406
406
406
406
406
406
406
406
406
406
406
406
406
406
406
406
406
406
406
406
406
406
406
406
406
406
406
423
406
406
406
406
406
406
406
406
406
406
406
406
406
406
406
406
406
406
406
406
406
406
406
406
406
406
406
406
406
406
406
406
406
406
406
406
406
406
406
406
406
406
406
406
406
406
406
406
16573
406
16590
16590
16590
16590
406
406
406
949
7072
6725
406
406
5563
949
602
406
406
406
10373
949
602
406
406
949
10373
10026
406
949
949
949
949
949
949
949
949
949
949
949
949
949
949
770
10373
10373
10373
10373
406
406
949
949
949
949
949
949
949
949
949
949
949
949
949
770
10373
406
10373
10373
10373
10373
10373
10373
10373
10373
406
949
949
949
949
949
949
949
949
949
949
949
949
770
406
406
949
949
949
949
949
949
949
949
949
949
949
949
949
770
406
406
406
406
423
39476
406
406
406
406
15467
15484
406
949
949
949
949
949
949
949
949
949
949
949
949
949
949
949
770
406
406
949
949
949
949
949
949
949
949
949
949
949
949
406
949
949
949
770
7092
7092
406
406
406
949
949
949
949
949
770
406
406
406
406
406
406
406
406
423
22074
406
406
406
406
406
406
406
406
406
406
406
406
406
406
406
406
406
406
406
406
406
406
406
406
406
406
406
406
406
406
406
406
406
406
406
406
406
406
406
406
25252
406
406
5243
949
406
5690
949
406
949
949
949
949
949
949
949
949
949
949
949
949
949
949
770
406
406
949
949
949
949
949
406
949
949
949
949
949
949
949
949
949
949
770
30942
406
406
6926
949
32069
32069
32069
32069
406
406
406
4737
949
406
406
949
4737
406
406
4744
949
406
406
406
949
949
949
949
949
949
949
949
406
949
949
949
949
949
949
949
770
406
4744
4744
4744
4744
4744
4744
4744
406
949
34386
34386
34386
949
949
949
949
949
949
949
949
949
949
949
949
949
949
770
406
423
406
406
406
406
585
5933
406
406
406
406
406
406
406
406
11766
406
6639
949
406
406
406
10386
406
406
5306
949
770
406
406
6912
949
602
770
406
770
406
949
949
949
949
949
949
949
949
949
949
949
949
949
949
770
406
949
949
949
949
949
949
949
949
406
949
949
949
949
949
949
949
770
6656
949
406
406
406
406
406
406
423
406
406
406
406
406
406
406
406
406
406
406
406
406
406
406
406
406
406
406
406
406
406
406
406
406
406
406
406
406
406
406
406
406
406
406
406
406
406
406
406
406
406
406
406
406
406
406
406
406
406
406
406
18485
406
406
406
406
406
406
406
406
406
406
406
406
406
406
406
406
406
406
406
406
406
406
406
406
406
406
406
406
406
406
406
406
406
406
406
406
406
406
406
406
406
406
406
406
406
406
406
406
406
406
406
406
406
406
406
406
406
406
406
406
406
406
406
406
406
406
406
406
406
406
406
406
406
406
406
406
406
406
406
406
406
406
406
406
406
406
406
406
406
406
406
406
406
406
406
406
406
406
406
406
406
406
406
406
406
406
406
406
406
406
406
406
406
406
406
406
406
406
406
406
406
406
406
406
406
406
406
406
406
406
406
406
406
406
406
406
406
406
406
406
406
406
406
406
406
406
406
406
406
406
406
406
406
406
406
406
406
406
406
406
406
406
406
406
406
406
406
406
406
406
406
406
406
406
406
406
406
406
406
406
406
406
406
406
406
406
406
406
406
406
406
406
406
5079
585
406
406
406
406
406
406
406
406
406
406
406
406
406
406
406
406
406
406
406
406
406
406
406
406
406
406
406
406
406
406
406
406
406
406
406
406
406
406
406
406
406
406
406
406
406
406
406
406
406
406
406
406
406
406
406
406
406
406
406
406
406
406
406
406
406
406
406
406
406
406
406
406
406
406
406
406
406
406
406
406
406
406
406
406
406
406
406
406
406
406
406
406
406
406
406
406
406
406
406
406
406
406
406
406
406
406
406
406
406
406
406
406
406
406
406
406
406
406
406
406
406
406
406
406
406
406
406
406
25252
406
406
406
406
406
7620
949
406
406
406
406
32700
32700
32700
32700
32700
32700
32700
32700
5443
406
949
602
406
30523
30523
406
30523
30523
30523
30523
30523
31231
30523
30523
31215
30523
406
406
406
406
406
406
423
406
406
406
406
406
406
406
406
406
406
406
406
406
406
406
406
406
406
406
406
406
406
406
406
406
406
406
406
406
406
406
406
406
406
406
406
406
585
585
406
406
406
406
406
406
406
406
12789
406
949
949
949
949
949
949
949
949
949
949
949
949
949
949
770
406
406
406
4544
949
949
406
949
949
949
949
949
949
949
949
949
949
949
949
949
949
770
949
949
949
949
949
949
949
949
949
949
949
949
949
770
406
949
949
949
949
949
949
949
949
949
949
949
949
949
949
949
770
406
770
12633
12633
12875
12633
12633
12633
12633
12633
12633
12633
12633
12633
12633
12633
12633
12633
12633
12633
12633
12633
406
4138
12633
949
12009
12009
406
9346
949
602
17217
17217
17217
406
17217
17217
423
406
6548
585
585
7678
585
406
406
406
406
10404
406
406
949
949
949
949
406
949
949
949
949
949
949
949
949
949
949
770
406
406
949
949
949
949
949
949
949
949
949
949
949
949
949
949
949
770
406
406
406
10684
5614
949
406
949
5614
406
949
949
949
949
949
949
949
949
5614
949
5614
5614
5614
5614
5614
949
5614
5614
5614
5614
5614
5614
5614
5614
949
949
949
949
770
406
19129
19129
19129
19129
19129
19129
19591
19129
406
770
5614
5614
5614
5614
5614
5614
19129
406
19129
19129
19278
19129
19129
19129
19129
406
19129
19129
406
19129
19129
406
406
5222
949
949
5222
406
949
949
949
949
949
949
949
949
949
949
949
949
949
949
949
770
406
18345
18807
18345
18345
18345
18345
18345
18345
406
949
949
949
949
949
949
949
949
949
949
949
949
949
949
949
770
406
406
18345
18345
18345
18345
18345
18345
18345
18345
18345
18345
18345
18345
18345
18345
18345
406
406
406
406
406
406
406
406
406
423
406
406
406
406
406
406
406
406
406
406
406
406
406
406
406
406
406
406
406
406
406
406
406
406
406
406
406
406
406
406
406
406
406
406
406
406
406
406
406
406
406
406
406
406
406
406
406
406
406
406
406
406
16573
406
423
406
406
406
406
406
406
406
406
406
9042
406
406
406
406
406
406
406
406
406
406
406
406
406
406
406
406
406
406
406
7450
585
406
406
406
406
406
406
406
406
406
406
406
406
406
406
406
406
406
406
406
406
406
406
406
406
406
406
406
406
406
406
406
406
406
406
406
406
406
406
406
406
